 MPI: Number of worker processes=           3
 No input specified. Running in old mode.
         0.0000000000        0.0000000000        0.0000000000  1
         0.9000000000        0.9000000000        0.9000000000  1
        -0.9000000000       -0.9000000000        0.9000000000  1
        -0.9000000000        0.9000000000       -0.9000000000  1
         0.9000000000       -0.9000000000       -0.9000000000  1
         0.0000000000        0.0000000000        0.0000000000  1
         0.9000000000        0.9000000000        0.9000000000  1
        -0.9000000000       -0.9000000000        0.9000000000  1
           1           1           1
           2           1           1
           3           1           1
           4           1           1
           5           1           1
 **************************************************************** 
*      ___       ___       ___       ___       ___       ___     *
*     /\  \     /\__\     /\  \     /\  \     /\  \     /\  \    *
*    /::\  \   /:/  /    /::\  \   /::\  \   _\:\  \   /::\  \   *
*   /::\:\__\ /:/__/    /:/\:\__\ /\:\:\__\ /\/::\__\ /:/\:\__\  *
*   \/\:\/__/ \:\  \    \:\/:/  / \:\:\/__/ \::/\/__/ \:\ \/__/  *
*      \/__/   \:\__\    \::/  /   \::/  /   \:\__\    \:\__\    *
*               \/__/     \/__/     \/__/     \/__/     \/__/    *
*                  FLOSIC Public Release 2020                    *
* For published work employing this software, please cite        *
* these articles where it is relevant to your use. BibTex        *
* citations available in /doc/references/bib                     *
*                                                                *
* This software:                                                 *
* R. R. Zope, Y. Yamamoto, L. Basurto, C. M. Diaz, T. Baruah and *
* K. A. Jackson, FLOSIC software, https://flosic.org/, based on  *
* the NRLMOL code of M. R. Pederson.                             *
*                                                                *
* Parallelization:                                               *
* Y. Yamamoto, L. Basurto, C. M. Diaz, R. R. Zope, and T. Baruah,*
* “Self-interaction correction to density functional             *
* approximations using Fermi-Loewdin orbitals: Methodology and   *
* parallelization” (unpublished).                                *
*                                                                *
* UTEP NRLMOL:                                                   *
* C. M. Diaz, L. Basurto, Y. Yamamoto, T. Baruah, and R. R. Zope,*
* UTEP-NRLMOL code (unpublished).                                *
*                                                                *
* NRLMOL basis:                                                  *
* D. Porezag and M. R. Pederson, Phys. Rev. A: At. Mol. Opt.     *
* Phys. 60, 2840 (1999).                                         *
*                                                                *
* Variational mesh:                                              *
* M. R. Pederson and K. A. Jackson, Phys. Rev. B: Condens.       *
* Matter Mater. Phys. 41, 7453 (1990).                           *
*                                                                *
* FLOSIC and FLOSIC algorithm:                                   *
* M. R. Pederson, A. Ruzsinszky, and J. P. Perdew, J. Chem. Phys.*
* 140, 121103 (2014); Z. Yang, M. R. Pederson, and J. P. Perdew, *
* Phys. Rev. A 95, 052505 (2017).                                *
*                                                                *
* FLOSIC-SCAN/-rSCAN, FLOSIC-libxc, or integration by parts:     *
* Y. Yamamoto, C. M. Diaz, L. Basurto, K. A. Jackson, T. Baruah  *
* and R. R. Zope, J. Chem. Phys. 151, 154105 (2019); Y. Yamamoto,*
* A. Salcedo, C. M. Diaz, M. S. Alam, T. Baruah and R. R. Zope,  *
* Phys. Chem. Chem. Phys. 22, 18060 (2020).                      *
*                                                                *
* ADSIC, Slater averaging of SIC potential, FLOSIC-KLI:          *
* C. M. Diaz, T. Baruah, and R. R. Zope, Phys. Rev. A 103, 042811*
* (2021); C. M. Diaz, P. Suryanarayana, Q. Xu, T. Baruah, J. E.  *
* Pask, and R. R. Zope, J. Chem. Phys. 154, 084112 (2021).       *
 **************************************************************** 
FLOSIC software is based on NRLMOL
NRLMOL version 12/23/2013 
 
Copyright by Mark R. Pederson, Koblar A. Jackson, Dirk V. Porezag,
and David C. Patton, 1988-2001
 
Permission to use, copy, and distribute this software can only be
granted by the authors. Please contact nrlmol@dave.nrl.navy.mil
for questions, updates, modifications, and bug reports.
 
If you use this program please cite the following articles:
 
* M. R. Pederson and K. A. Jackson, Phys. Rev. B. 41, 7453 (1990)
* K. A. Jackson and M. R. Pederson, Phys. Rev. B. 42, 3276 (1990)
* M. R. Pederson and K. A. Jackson, Phys. Rev. B. 43, 7312 (1991)
* A. A. Quong, M. R. Pederson, and J. L. Feldman,
  Solid State Commun. 87, 535 (1993)
* D. V. Porezag and M. R. Pederson, Phys. Rev. B. 54, 7830 (1996)
* D. V. Porezag, PhD thesis: http://archiv.tu-chemnitz.de/pub/1997/0025
* A. Briley, M. R. Pederson, K. A. Jackson, D. C. Patton, and
  D. V. Porezag,Phys. Rev. B. 58, 1786 (1998)
 
MPI VERSION
CALCULATION OF SIC MATRIX IN GROUPS



GLOBAL AWAKENING ON:
Thu Jun  5 05:36:59 PM EDT 2025
CPU NODE:
lac-318
Linux lac-318 5.15.0-126-generic #136-Ubuntu SMP Wed Nov 6 10:38:22 UTC 2024 x86_64 x86_64 x86_64 GNU/Linux
 SCF calculation
 
 LIST OF PARAMETERS USED FOR THIS ADVENTURE
 MXSPN=(           2 )
 MAX_PTS=(     1000000 )
 MAX_FUSET=(          12 )
 MAX_IDENT=(          65 )
 MX_CNT=(MX_CNT)
 MXATMS=(          80 )
 MX_CNT=(          80 )
 NMUPMAX=(           7 )
 MAX_BARE=(          25 )
 MAX_CON=(          25 )
 MAX_OCC=(        1100 )
 MAXUNSYM=(          70 )
 NDH=(        1350 )
 NDH_TOT=(      911925 )
 MX_GRP=(          24 )
 MAX_REP=(          10 )
 MAXSLC=(         350 )
 LOCMAX=(         360 )
 ISMAX=(          32 )
 MAXSYMSALC=(          32 )
 MXRPSP=(         100 )
 MXPTAB=(         100 )
 MXLPSP=(           2 )
 MXKPT=(           1 )
 MPBLOCK=(         100 )
 MPBLOCKXC=(        1000 )
 MXPOISS=(         100 )
 NSPEED=(          25 )
 LDIM=(           3 )
 CUTEXP=(   40.000000000000000      )
 MX_SPH=(        5300 )
 MAX_VIRT_PER_SYM=(        2100 )
 MAXGFIT=(          15 )
 MAXLSQF=(          50 )
 MTEMP=(      147000 )
 KRHOG=(          10 )
 C   DONE....
RELAXATION MODE: SCF-ONLY                           
FUNC2NUM: functional string: LDA-PW91
FUNC2NUM: func_id:  -1
 LDA-PW91*LDA-PW91        (DF TYPE E is not libxc FUNCTIONAL TYPE
EXCHANGE    FUNCTIONAL: LDA
CORRELATION FUNCTIONAL: LDA PERDEW-WANG 91           
READING AND ANALYZING GROUP MATRICES
DETERMINING SYMMETRY GROUP
NUMBER OF REPRESENTATIONS:  1
DIMENSIONS: 1
 CHARACTERS OF SYMMETRY OPERATIONS IN GRPMAT:
IRREP 1:  1.0
CHECKING GREAT ORTHOGONALITY THEOREM
CHECKING MULTIPLICATION TABLE
REPRESENTATION  1 IS OK
CHECKING GROUP REPRESENTATION
GROUP REPRESENTATION IS OK
CHECKING S REPRESENTATION
S REPRESENTATION IS OK
CHECKING P REPRESENTATION
P REPRESENTATION IS OK
CHECKING D REPRESENTATION:
D REPRESENTATION IS OK
TOTAL NUMBER OF FAILED TESTS:   0
READING ATOMIC AND BASIS SET DATA
SCF FOR ATOM TYPE   1 SUCCESSFUL, EIGENVALUES: 
    -24.18903     -1.08668      0.11374      1.19074      9.71050
     -0.41543      0.19822      1.07445      4.12449
      0.68792      2.34866      6.26149
CHARGE ERROR IN DENSITY FIT:   0.00638332 (CORRECTED)
POTENTIAL AND DENSITY FITS ARE OK
TESTING BASIS SET
 TESTBAS: back from OVERLAP. TIME:   0.0000000000000000     
 TESTBAS: pre-diag time   0.0000000000000000     
 TESTBAS:diag time   1.0000000000000009E-002
 
CREATING VARIATIONAL INTEGRATION MESH
ORIGINAL IDENTITY MEMBERS:
ATOM   1:     0.000000     0.000000     0.000000, Z=    9.00000
INFINITY RADIUS IS:       10.61
 
NUMBER OF UNIQUE ATOMS:     1
COORDINATES OF ATOMIC CUBES:
        0.000000        0.000000        0.000000
 
THE CAKE WILL BE SLICED RIGHT NOW !
CHECKING IF ADJACENT ATOMS ARE TOO CLOSE TO ATOMIC CUBES
REMOVING SYMMETRY-EQUIVALENT BOXES
CHECKING FOR REDUCIBLE BOXES
 
FINAL BOX SET:
BOX     1, MULTIPLICITY:   1, IDENTITY MEMBER:   1
CENTER     0.000000     0.000000     0.000000
SIZE      21.210353    21.210353    21.210353
LOWEST LDA POTENTIAL FOR INTERSTITIAL REGIONS:      0.00000
TOTAL VOLUME:   0.954209342010D+04, CORRECT:   0.954209342010D+04
 
ASSIGNING POINTS TO CUBES THAT CONTAIN ATOMS
NUMBER OF POINTS FOR ATOMIC CUBES:      21140
ASSIGNING POINTS TO INTERSTITIAL BOXES
TOTAL NUMBER OF MESH POINTS:            21140
REORDERING MESH POINTS
TOTAL NUMBER OF SPHERES:   232
SPHERE INFORMATION: RADIUS, VOLUME, NUMBER OF POINTS, POINT DENSITY
MINIMUM:      0.558      0.726        2      0.005
MAXIMUM:      4.460    371.634     2363   3255.503
AVERAGE:      2.038    102.520       91    105.293
WORST ASPECT RATIO:      1.000 : 1
 
TEST INTEGRATION FOR BARE GAUSSIANS
 
 ID-MEM   BEST ALPHA   BEST ERROR   WORST ALPHA  WORST ERROR
------------------------------------------------------------
    1      0.11E+05     0.29E-10      0.33E+05     0.34E-07
 
TIME IN OVERNUM:      0.0800
 DIAGGE3:Calling DSPGVD
LARGEST S-DIAGONAL ERROR:   0.2792D-07
LARGEST S-GENERAL  ERROR:   0.2792D-07
LARGEST S-EIGEN    ERROR:   0.1637D-05
TIME FOR CONSTRUCTION OF VARIATIONAL MESH:          0.140
TIME FOR MESH REORDERING:                           0.010
TIME FOR MESH READING / TESTING + WRITING:          0.100
 NMSH is        21140
 TRACER:CALLING GLOBAL_CALL(64)
 allocating sic matrix        1100        1100           2
 
ITERATION   1
=============
 CALLING SCFSICw
 MIXING           2  0:POTENTIAL,1:DENMAT,2:HAMILT
USING O(N)/PARALLEL HAMILTONIAN ROUTINE
TIME FOR POTENTIAL MATRIX ELEMENTS:                 0.000
USING O(N)/PARALLEL HAMILTONIAN ROUTINE
TIME FOR POTENTIAL MATRIX ELEMENTS:                 0.000
CONSTRUCTING NEW WAVEFUNCTIONS
SPIN 1:
 CALLING DIAGGE SIC
SPIN 2:
 CALLING DIAGGE SIC
   36    1  -24.189207    1.000000    5.000000    1.000000
   36    2   -1.086606    1.000000    5.000000    2.000000
   36    3   -0.415378    1.000000    5.000000    3.000000
   36    4   -0.415378    1.000000    5.000000    4.000000
   36    5   -0.415378    1.000000    5.000000    5.000000
   36    1  -24.189207    1.000000    3.000000    1.000000
   36    2   -1.086606    1.000000    3.000000    2.000000
   36    3   -0.415378    1.000000    3.000000    3.000000
STATE    1, EV=      -24.189207, OCCUP=     1.000000
STATE    2, EV=       -1.086606, OCCUP=     1.000000
STATE    3, EV=       -0.415378, OCCUP=     1.000000
STATE    4, EV=       -0.415378, OCCUP=     1.000000
STATE    5, EV=       -0.415378, OCCUP=     1.000000
STATE    6, EV=        0.078014, OCCUP=     0.000000
STATE    7, EV=        0.198056, OCCUP=     0.000000
STATE    8, EV=        0.198056, OCCUP=     0.000000
STATE    9, EV=        0.198056, OCCUP=     0.000000
STATE   10, EV=        0.670532, OCCUP=     0.000000
STATE   11, EV=        0.687999, OCCUP=     0.000000
STATE   12, EV=        0.687999, OCCUP=     0.000000
STATE   13, EV=        0.687999, OCCUP=     0.000000
STATE   14, EV=        0.687999, OCCUP=     0.000000
STATE   15, EV=        0.687999, OCCUP=     0.000000
STATE   16, EV=        1.073229, OCCUP=     0.000000
STATE   17, EV=        1.073229, OCCUP=     0.000000
STATE   18, EV=        1.073229, OCCUP=     0.000000
STATE   19, EV=        1.959382, OCCUP=     0.000000
STATE   20, EV=        2.349849, OCCUP=     0.000000
STATE   21, EV=        2.349849, OCCUP=     0.000000
STATE   22, EV=        2.349849, OCCUP=     0.000000
STATE   23, EV=        2.349849, OCCUP=     0.000000
STATE   24, EV=        2.349849, OCCUP=     0.000000
STATE   25, EV=        4.124609, OCCUP=     0.000000
STATE   26, EV=        4.124609, OCCUP=     0.000000
STATE   27, EV=        4.124609, OCCUP=     0.000000
STATE   28, EV=        4.497313, OCCUP=     0.000000
STATE   29, EV=        6.261938, OCCUP=     0.000000
STATE   30, EV=        6.261938, OCCUP=     0.000000
STATE   31, EV=        6.261938, OCCUP=     0.000000
STATE   32, EV=        6.261938, OCCUP=     0.000000
STATE   33, EV=        6.261938, OCCUP=     0.000000
STATE   34, EV=       11.319511, OCCUP=     0.000000
STATE   35, EV=       59.440365, OCCUP=     0.000000
STATE   36, EV=      -24.189207, OCCUP=     1.000000
STATE   37, EV=       -1.086606, OCCUP=     1.000000
STATE   38, EV=       -0.415378, OCCUP=     1.000000
STATE   39, EV=       -0.415378, OCCUP=     0.000000
STATE   40, EV=       -0.415378, OCCUP=     0.000000
STATE   41, EV=        0.078014, OCCUP=     0.000000
STATE   42, EV=        0.198056, OCCUP=     0.000000
STATE   43, EV=        0.198056, OCCUP=     0.000000
STATE   44, EV=        0.198056, OCCUP=     0.000000
STATE   45, EV=        0.670532, OCCUP=     0.000000
STATE   46, EV=        0.687999, OCCUP=     0.000000
STATE   47, EV=        0.687999, OCCUP=     0.000000
STATE   48, EV=        0.687999, OCCUP=     0.000000
STATE   49, EV=        0.687999, OCCUP=     0.000000
STATE   50, EV=        0.687999, OCCUP=     0.000000
STATE   51, EV=        1.073229, OCCUP=     0.000000
STATE   52, EV=        1.073229, OCCUP=     0.000000
STATE   53, EV=        1.073229, OCCUP=     0.000000
STATE   54, EV=        1.959382, OCCUP=     0.000000
STATE   55, EV=        2.349849, OCCUP=     0.000000
STATE   56, EV=        2.349849, OCCUP=     0.000000
STATE   57, EV=        2.349849, OCCUP=     0.000000
STATE   58, EV=        2.349849, OCCUP=     0.000000
STATE   59, EV=        2.349849, OCCUP=     0.000000
STATE   60, EV=        4.124609, OCCUP=     0.000000
STATE   61, EV=        4.124609, OCCUP=     0.000000
STATE   62, EV=        4.124609, OCCUP=     0.000000
STATE   63, EV=        4.497313, OCCUP=     0.000000
STATE   64, EV=        6.261938, OCCUP=     0.000000
STATE   65, EV=        6.261938, OCCUP=     0.000000
STATE   66, EV=        6.261938, OCCUP=     0.000000
STATE   67, EV=        6.261938, OCCUP=     0.000000
STATE   68, EV=        6.261938, OCCUP=     0.000000
STATE   69, EV=       11.319511, OCCUP=     0.000000
STATE   70, EV=       59.440365, OCCUP=     0.000000
 ELECTRON :   5.0000000000000000        3.0000000000000000     
 ELECTRONS OF SPIN UP :    5.0000000000000000     
 ELECTRONS OF SPIN DN :    3.0000000000000000     
TIME FOR CONSTRUCTION OF NEW WAVEFUNCTIONS:         0.070
TRACE OF HAMILTONIAN:         -52.213139
  CALLING FRMORB2(0,0)
 TIME in 1000 LOOP:   9.9999999999998979E-003
 CALLING DIAGGE:        1350           5
  LOWDEN OVERLAP EIGENVALUES:
    0.746500        1.01908        1.01908        1.01908        1.19627    
 Alan after LOWSIC
 FILO
 -0.66058578655730860      -0.37537528529870273      -0.37537528486143212      -0.37537528530049763      -0.37537528486322663     
  -4.9136080538519404E-012   1.4518374146312851E-003 -0.70855558075178182        1.4517231097724292E-003  0.70565202022926232     
   8.4639213355780782E-010 -0.50204843439291136       0.49794266671827703      -0.49794313707033488       0.50204890442034755     
   4.9141724811303143E-012  0.70565236609294535        1.4455329486641913E-003 -0.70855523766750683        1.4573386240118592E-003
  0.75075057016192948      -0.33029289290884473      -0.33029289365151204      -0.33029289290579555      -0.33029289364846481     
 Alan after LOWSIC
 FILO
 -0.66058578655730860      -0.37537528529870273      -0.37537528486143212      -0.37537528530049763      -0.37537528486322663     
  -4.9136080538519404E-012   1.4518374146312851E-003 -0.70855558075178182        1.4517231097724292E-003  0.70565202022926232     
   8.4639213355780782E-010 -0.50204843439291136       0.49794266671827703      -0.49794313707033488       0.50204890442034755     
   4.9141724811303143E-012  0.70565236609294535        1.4455329486641913E-003 -0.70855523766750683        1.4573386240118592E-003
  0.75075057016192948      -0.33029289290884473      -0.33029289365151204      -0.33029289290579555      -0.33029289364846481     
 BACK FROM LOWSIC
 CALLING DIAGGE:        1350           3
  LOWDEN OVERLAP EIGENVALUES:
    0.751945        1.04485        1.20321    
 Alan after LOWSIC
 FILO
  0.67105245157340043       0.52348000169334108       0.52503075630335139      -0.37537528530049763      -0.37537528486322663     
   9.2547176505303197E-004 -0.70874270026312181       0.70546646151730785        1.4517231097724292E-003  0.70565202022926232     
  0.74140930041330178      -0.47291909736325788      -0.47608799250745654      -0.49794313707033488       0.50204890442034755     
   4.9141724811303143E-012  0.70565236609294535        1.4455329486641913E-003 -0.70855523766750683        1.4573386240118592E-003
  0.75075057016192948      -0.33029289290884473      -0.33029289365151204      -0.33029289290579555      -0.33029289364846481     
 Alan after LOWSIC
 FILO
  0.67105245157340043       0.52348000169334108       0.52503075630335139      -0.37537528530049763      -0.37537528486322663     
   9.2547176505303197E-004 -0.70874270026312181       0.70546646151730785        1.4517231097724292E-003  0.70565202022926232     
  0.74140930041330178      -0.47291909736325788      -0.47608799250745654      -0.49794313707033488       0.50204890442034755     
   4.9141724811303143E-012  0.70565236609294535        1.4455329486641913E-003 -0.70855523766750683        1.4573386240118592E-003
  0.75075057016192948      -0.33029289290884473      -0.33029289365151204      -0.33029289290579555      -0.33029289364846481     
 BACK FROM LOWSIC
  CALLING FRMIORB(1,1)
 MORB(1), MORB(2):           5           3
 RHOG:   218.84919940826757        4.1924837771756158E-002   4.1924837756676533E-002   4.1924837771818074E-002   4.1924837756738442E-002   218.84919940826757        4.1924837771756158E-002   4.1924837756676533E-002
 MPTS:           8
 NON-ORTHONORMAL OVERLAP MATRIX FOR SPIN:           1
 CALLING LOWDEN
 CALLING DIAGGE:        1350           5
  LOWDEN OVERLAP EIGENVALUES:
    0.746500        1.01908        1.01908        1.01908        1.19627    
 EVALOCC:
    1.157404    0.990595    0.990595    0.990595    0.914294
 ORTHOGONAL TRANSFORMATION
 ORTHONORMAL OVERLAP MATRIX FOR SPIN:           1
 NON-ORTHONORMAL OVERLAP MATRIX FOR SPIN:           2
 CALLING LOWDEN
 CALLING DIAGGE:        1350           3
  LOWDEN OVERLAP EIGENVALUES:
    0.751945        1.04485        1.20321    
 EVALOCC:
    1.153206    0.978304    0.911652
 ORTHOGONAL TRANSFORMATION
 ORTHONORMAL OVERLAP MATRIX FOR SPIN:           2
  FINISHED FRMIORB(1,1)
 ZPOT  created           1
 ZPOT  created           2
 ZPOT  created           3
 ZPOT  created           4
 ZPOT  created           5
TIME FOR SIC ORBITAL LOOP        1.750
         207 OPENING ZPOT0001    
         208 OPENING ZPOT0002    
         209 OPENING ZPOT0003    
         210 OPENING ZPOT0004    
         211 OPENING ZPOT0005    
 TIME FOR SIC MATRIX:           6  0.10000000000000009     
 SIC MATRIX FOR SPIN LSPN:           1
     -2.27739    -0.02048    -0.02048    -0.02048    -0.02048
     -0.01125    -0.38969    -0.01975    -0.01975    -0.01975
     -0.01125    -0.01975    -0.38969    -0.01975    -0.01975
     -0.01125    -0.01975    -0.01975    -0.38969    -0.01975
     -0.01125    -0.01975    -0.01975    -0.01975    -0.38969
 SICLAGM DONE           5           3           1
         207  CLOSED AND DELETED
         208  CLOSED AND DELETED
         209  CLOSED AND DELETED
         210  CLOSED AND DELETED
         211  CLOSED AND DELETED
 TIME FOR SICLAGM:  0.12000000000000011     
 ORBITAL SIC:   1.000000   1.000000   1.000000  -2.728917  -0.334998  -2.345971  -0.047948   0.000000   0.000000
 ORBITAL SIC:   2.000000   1.000000   0.961664  -0.517071  -0.029550  -0.459871  -0.027650   0.000000   0.000000
 ORBITAL SIC:   3.000000   1.000000   1.042758  -0.517071  -0.029550  -0.459871  -0.027650   0.000000   0.000000
 ORBITAL SIC:   4.000000   1.000000   0.990554  -0.517071  -0.029550  -0.459871  -0.027650   0.000000   0.000000
 ORBITAL SIC:   5.000000   1.000000   1.005025  -0.517071  -0.029550  -0.459871  -0.027650   0.000000   0.000000
  CALLING FRMORB2(0,0)
 TIME in 1000 LOOP:   0.0000000000000000     
 CALLING DIAGGE:        1350           5
  LOWDEN OVERLAP EIGENVALUES:
    0.746500        1.01908        1.01908        1.01908        1.19627    
 Alan after LOWSIC
 FILO
 -0.66058578655730860      -0.37537528529870273      -0.37537528486143212      -0.37537528530049763      -0.37537528486322663     
  -4.9136080538519404E-012   1.4518374146312851E-003 -0.70855558075178182        1.4517231097724292E-003  0.70565202022926232     
   8.4639213355780782E-010 -0.50204843439291136       0.49794266671827703      -0.49794313707033488       0.50204890442034755     
   4.9141724811303143E-012  0.70565236609294535        1.4455329486641913E-003 -0.70855523766750683        1.4573386240118592E-003
  0.75075057016192948      -0.33029289290884473      -0.33029289365151204      -0.33029289290579555      -0.33029289364846481     
 Alan after LOWSIC
 FILO
 -0.66058578655730860      -0.37537528529870273      -0.37537528486143212      -0.37537528530049763      -0.37537528486322663     
  -4.9136080538519404E-012   1.4518374146312851E-003 -0.70855558075178182        1.4517231097724292E-003  0.70565202022926232     
   8.4639213355780782E-010 -0.50204843439291136       0.49794266671827703      -0.49794313707033488       0.50204890442034755     
   4.9141724811303143E-012  0.70565236609294535        1.4455329486641913E-003 -0.70855523766750683        1.4573386240118592E-003
  0.75075057016192948      -0.33029289290884473      -0.33029289365151204      -0.33029289290579555      -0.33029289364846481     
 BACK FROM LOWSIC
 CALLING DIAGGE:        1350           3
  LOWDEN OVERLAP EIGENVALUES:
    0.751945        1.04485        1.20321    
 Alan after LOWSIC
 FILO
  0.67105245157340043       0.52348000169334108       0.52503075630335139      -0.37537528530049763      -0.37537528486322663     
   9.2547176505303197E-004 -0.70874270026312181       0.70546646151730785        1.4517231097724292E-003  0.70565202022926232     
  0.74140930041330178      -0.47291909736325788      -0.47608799250745654      -0.49794313707033488       0.50204890442034755     
   4.9141724811303143E-012  0.70565236609294535        1.4455329486641913E-003 -0.70855523766750683        1.4573386240118592E-003
  0.75075057016192948      -0.33029289290884473      -0.33029289365151204      -0.33029289290579555      -0.33029289364846481     
 Alan after LOWSIC
 FILO
  0.67105245157340043       0.52348000169334108       0.52503075630335139      -0.37537528530049763      -0.37537528486322663     
   9.2547176505303197E-004 -0.70874270026312181       0.70546646151730785        1.4517231097724292E-003  0.70565202022926232     
  0.74140930041330178      -0.47291909736325788      -0.47608799250745654      -0.49794313707033488       0.50204890442034755     
   4.9141724811303143E-012  0.70565236609294535        1.4455329486641913E-003 -0.70855523766750683        1.4573386240118592E-003
  0.75075057016192948      -0.33029289290884473      -0.33029289365151204      -0.33029289290579555      -0.33029289364846481     
 BACK FROM LOWSIC
  CALLING FRMIORB(1,1)
 MORB(1), MORB(2):           5           3
 RHOG:   218.84919940826757        4.1924837771756158E-002   4.1924837756676533E-002   4.1924837771818074E-002   4.1924837756738442E-002   218.84919940826757        4.1924837771756158E-002   4.1924837756676533E-002
 MPTS:           8
 NON-ORTHONORMAL OVERLAP MATRIX FOR SPIN:           1
 CALLING LOWDEN
 CALLING DIAGGE:        1350           5
  LOWDEN OVERLAP EIGENVALUES:
    0.746500        1.01908        1.01908        1.01908        1.19627    
 EVALOCC:
    1.157404    0.990595    0.990595    0.990595    0.914294
 ORTHOGONAL TRANSFORMATION
 ORTHONORMAL OVERLAP MATRIX FOR SPIN:           1
 NON-ORTHONORMAL OVERLAP MATRIX FOR SPIN:           2
 CALLING LOWDEN
 CALLING DIAGGE:        1350           3
  LOWDEN OVERLAP EIGENVALUES:
    0.751945        1.04485        1.20321    
 EVALOCC:
    1.153206    0.978304    0.911652
 ORTHOGONAL TRANSFORMATION
 ORTHONORMAL OVERLAP MATRIX FOR SPIN:           2
  FINISHED FRMIORB(1,1)
 ZPOT  created          36
 ZPOT  created          37
 ZPOT  created          38
TIME FOR SIC ORBITAL LOOP        0.920
         242 OPENING ZPOT0036    
         243 OPENING ZPOT0037    
         244 OPENING ZPOT0038    
 TIME FOR SIC MATRIX:           4   8.9999999999999858E-002
 SIC MATRIX FOR SPIN LSPN:           2
     -2.27740    -0.02855    -0.02865
     -0.01343    -0.41721    -0.00668
     -0.01346    -0.00632    -0.41727
 SICLAGM DONE           5           3           2
         242  CLOSED AND DELETED
         243  CLOSED AND DELETED
         244  CLOSED AND DELETED
 TIME FOR SICLAGM:  0.10000000000000009     
 ORBITAL SIC:   1.000000   1.000000   1.000000  -2.728865  -0.335029  -2.345887  -0.047948   0.000000   0.000000
 ORBITAL SIC:   2.000000   1.000000   0.953652  -0.536955  -0.040183  -0.468779  -0.027993   0.000000   0.000000
 ORBITAL SIC:   3.000000   1.000000   1.049601  -0.536939  -0.040236  -0.468710  -0.027994   0.000000   0.000000
 FLO    Charge     Asymp      E_COUL     E_SIC      EXlocal    EClocal    EXnonl     ECnonl      XC/H
  1.   1.000000   1.000000  -2.728917  -0.334998  -2.345971  -0.047948   0.000000   0.000000   0.877241
  2.   1.000000   0.961664  -0.517071  -0.029550  -0.459871  -0.027650   0.000000   0.000000   0.942852
  3.   1.000000   1.042758  -0.517071  -0.029550  -0.459871  -0.027650   0.000000   0.000000   0.942852
  4.   1.000000   0.990554  -0.517071  -0.029550  -0.459871  -0.027650   0.000000   0.000000   0.942852
  5.   1.000000   1.005025  -0.517071  -0.029550  -0.459871  -0.027650   0.000000   0.000000   0.942852
  1.   1.000000   1.000000  -2.728865  -0.335029  -2.345887  -0.047948   0.000000   0.000000   0.877228
  2.   1.000000   0.953652  -0.536955  -0.040183  -0.468779  -0.027993   0.000000   0.000000   0.925165
  3.   1.000000   1.049601  -0.536939  -0.040236  -0.468710  -0.027994   0.000000   0.000000   0.925065
 MAIN : ZSIC = -0.86864431548357190     
 MAIN TIME FOR SIC :   2.9600000000000000     
CALCULATING KOHN-SHAM POTENTIAL ON MESH POINTS
NUMBER OF POINTS IN COUPOT:      21140
LONG  CHARGE IN COUPOT:         8.000000
TOTAL CHARGE IN COUPOT:         8.000000
TIME FOR COULOMB POTENTIAL,NMSH:       0.060     21140
 TOTAL TIME FOR LSD COUL   6.9999999999999840E-002
TOTAL CHARGE IN APOTNL:         7.999999991757
DIPOLE MOMENT:  -0.574421905573D-15   0.162536457810D-14  -0.116886463530D-14
TIME FOR EXCHANGE-CORRELATION:                      0.010
TIME FOR REDUCED DERIVATIVES OF RHO:                 0.000
TIME FOR GORBDRV EXECUTION:                          0.000
TIME FOR COULOMB POTENTIAL + RHO AND RHODRV:         0.070
TIME FOR COMPLETE APOTNL EXECUTION:                  0.460
================================================
TOTAL ENERGY:                         -98.334778
CONTRIBUTIONS:
NUCLEAR REPULSION:                      0.000000
LOCAL POTENTIAL:                     -226.226512
MEAN-FIELD COULOMB:                    41.471996
KINETIC+NONLOCAL POTENTIAL:            95.295574
EXCHANGE-CORRELATION:                  -8.875836
EXTERNAL ELECTRIC FIELD:                0.000000
SELF-INTERACTION ENERGY:               -0.868644
TOTAL ENERGY + SIC ENERGY:            -99.203422
================================================
 TIME FOR ITERATION:   3.5000000000000000     
 
ITERATION   2
=============
 CALLING SCFSICw
 MIXING           2  0:POTENTIAL,1:DENMAT,2:HAMILT
USING O(N)/PARALLEL HAMILTONIAN ROUTINE
 NMSH:       21140  IN NUMHAM
TIME IN OVERNUM:      0.0800
TIME FOR POTENTIAL MATRIX ELEMENTS:                 0.080
USING O(N)/PARALLEL HAMILTONIAN ROUTINE
 NMSH:       21140  IN NUMHAM
TIME IN OVERNUM:      0.0800
TIME FOR POTENTIAL MATRIX ELEMENTS:                 0.080
 after normh 1
CONSTRUCTING NEW WAVEFUNCTIONS
SPIN 1:
 CALLING DIAGV
 DFA-SIC MATRIX:
 diagv hamiltonian error:   3.8989276253027674        5.0057660885009865     
 NFRM,NDH           5          35
TIME FOR DIAGGE        0.000
 TRACER:ITER=           2
TIME FOR DIAGV DIAGONALIZATION        0.000
 NEW ORBITALS:
 "Diagonalized Matrix:"
 BACKROTATION: O(N^3)          35
 IS IT OK?           0
SPIN 2:
 CALLING DIAGV
 DFA-SIC MATRIX:
 diagv hamiltonian error:   1.3625739092785492        2.1600642742715728     
 NFRM,NDH           3          35
TIME FOR DIAGGE        0.000
 TRACER:ITER=           2
TIME FOR DIAGV DIAGONALIZATION        0.000
 NEW ORBITALS:
 "Diagonalized Matrix:"
 BACKROTATION: O(N^3)          35
 IS IT OK?           0
 OPTIMIZED MOMENT  MODE :
   71    1  -27.718219    1.000000    8.000000    1.000000
   71   36  -27.659590    1.000000    8.000000    2.000000
   71    2   -2.464013    1.000000    8.000000    3.000000
   71   37   -2.299820    1.000000    8.000000    4.000000
   71    4   -1.724185    1.000000    8.000000    5.000000
   71    3   -1.724185    1.000000    8.000000    6.000000
   71    5   -1.636158    1.000000    8.000000    7.000000
   71   38   -1.599220    1.000000    8.000000    8.000000
STATE    1, EV=      -27.718219, OCCUP=     1.000000
STATE    2, EV=       -2.464013, OCCUP=     1.000000
STATE    3, EV=       -1.724185, OCCUP=     1.000000
STATE    4, EV=       -1.724185, OCCUP=     1.000000
STATE    5, EV=       -1.636158, OCCUP=     1.000000
STATE    6, EV=       -0.269286, OCCUP=     0.000000
STATE    7, EV=       -0.154387, OCCUP=     0.000000
STATE    8, EV=       -0.154387, OCCUP=     0.000000
STATE    9, EV=       -0.140733, OCCUP=     0.000000
STATE   10, EV=        0.223950, OCCUP=     0.000000
STATE   11, EV=        0.223953, OCCUP=     0.000000
STATE   12, EV=        0.242265, OCCUP=     0.000000
STATE   13, EV=        0.242265, OCCUP=     0.000000
STATE   14, EV=        0.247389, OCCUP=     0.000000
STATE   15, EV=        0.286159, OCCUP=     0.000000
STATE   16, EV=        0.542272, OCCUP=     0.000000
STATE   17, EV=        0.542272, OCCUP=     0.000000
STATE   18, EV=        0.572841, OCCUP=     0.000000
STATE   19, EV=        1.468812, OCCUP=     0.000000
STATE   20, EV=        1.673883, OCCUP=     0.000000
STATE   21, EV=        1.673884, OCCUP=     0.000000
STATE   22, EV=        1.713493, OCCUP=     0.000000
STATE   23, EV=        1.713493, OCCUP=     0.000000
STATE   24, EV=        1.727984, OCCUP=     0.000000
STATE   25, EV=        3.260863, OCCUP=     0.000000
STATE   26, EV=        3.260863, OCCUP=     0.000000
STATE   27, EV=        3.324921, OCCUP=     0.000000
STATE   28, EV=        3.853295, OCCUP=     0.000000
STATE   29, EV=        5.370968, OCCUP=     0.000000
STATE   30, EV=        5.370968, OCCUP=     0.000000
STATE   31, EV=        5.429220, OCCUP=     0.000000
STATE   32, EV=        5.429220, OCCUP=     0.000000
STATE   33, EV=        5.450071, OCCUP=     0.000000
STATE   34, EV=       10.407130, OCCUP=     0.000000
STATE   35, EV=       58.313769, OCCUP=     0.000000
STATE   36, EV=      -27.659590, OCCUP=     1.000000
STATE   37, EV=       -2.299820, OCCUP=     1.000000
STATE   38, EV=       -1.599220, OCCUP=     1.000000
STATE   39, EV=       -1.183791, OCCUP=     0.000000
STATE   40, EV=       -1.183791, OCCUP=     0.000000
STATE   41, EV=       -0.243261, OCCUP=     0.000000
STATE   42, EV=       -0.127039, OCCUP=     0.000000
STATE   43, EV=       -0.122214, OCCUP=     0.000000
STATE   44, EV=       -0.122214, OCCUP=     0.000000
STATE   45, EV=        0.275184, OCCUP=     0.000000
STATE   46, EV=        0.275184, OCCUP=     0.000000
STATE   47, EV=        0.278207, OCCUP=     0.000000
STATE   48, EV=        0.278589, OCCUP=     0.000000
STATE   49, EV=        0.278589, OCCUP=     0.000000
STATE   50, EV=        0.314181, OCCUP=     0.000000
STATE   51, EV=        0.601881, OCCUP=     0.000000
STATE   52, EV=        0.606763, OCCUP=     0.000000
STATE   53, EV=        0.606763, OCCUP=     0.000000
STATE   54, EV=        1.516895, OCCUP=     0.000000
STATE   55, EV=        1.778085, OCCUP=     0.000000
STATE   56, EV=        1.778085, OCCUP=     0.000000
STATE   57, EV=        1.779281, OCCUP=     0.000000
STATE   58, EV=        1.779281, OCCUP=     0.000000
STATE   59, EV=        1.784695, OCCUP=     0.000000
STATE   60, EV=        3.385341, OCCUP=     0.000000
STATE   61, EV=        3.393809, OCCUP=     0.000000
STATE   62, EV=        3.393809, OCCUP=     0.000000
STATE   63, EV=        3.930307, OCCUP=     0.000000
STATE   64, EV=        5.533154, OCCUP=     0.000000
STATE   65, EV=        5.533154, OCCUP=     0.000000
STATE   66, EV=        5.540469, OCCUP=     0.000000
STATE   67, EV=        5.540469, OCCUP=     0.000000
STATE   68, EV=        5.541568, OCCUP=     0.000000
STATE   69, EV=       10.533920, OCCUP=     0.000000
STATE   70, EV=       58.393544, OCCUP=     0.000000
 ELECTRON :   5.0000000000000000        3.0000000000000000     
 ELECTRONS OF SPIN UP :    5.0000000000000000     
 ELECTRONS OF SPIN DN :    3.0000000000000000     
TIME FOR CONSTRUCTION OF NEW WAVEFUNCTIONS:         0.050
TRACE OF HAMILTONIAN:         -66.825391
  CALLING FRMORB2(0,0)
 TIME in 1000 LOOP:   0.0000000000000000     
 CALLING DIAGGE:        1350           5
  LOWDEN OVERLAP EIGENVALUES:
    0.729674        1.01338        1.01338        1.04167        1.20189    
 Alan after LOWSIC
 FILO
 -0.65386459585535239      -0.37862166047880413      -0.37836458500071468      -0.37799091143840757      -0.37824574047884202     
  -1.0163380022436888E-003  0.69577321026667482       -9.8644777116157226E-002 -0.70338142880872168       0.10687553736461759     
  -3.5050812029633255E-004  0.10297861012728739       0.69949301661801844      -0.10255124237886350      -0.69970568483433526     
   1.2839953013940066E-005 -0.50549446351922089       0.50101942860658100      -0.49447930903132298       0.49894397710082783     
  0.75661082091335052      -0.32621470123087010      -0.32680039875480554      -0.32764445990039293      -0.32706978100698841     
 Alan after LOWSIC
 FILO
 -0.65386459585535239      -0.37862166047880413      -0.37836458500071468      -0.37799091143840757      -0.37824574047884202     
  -1.0163380022436888E-003  0.69577321026667482       -9.8644777116157226E-002 -0.70338142880872168       0.10687553736461759     
  -3.5050812029633255E-004  0.10297861012728739       0.69949301661801844      -0.10255124237886350      -0.69970568483433526     
   1.2839953013940066E-005 -0.50549446351922089       0.50101942860658100      -0.49447930903132298       0.49894397710082783     
  0.75661082091335052      -0.32621470123087010      -0.32680039875480554      -0.32764445990039293      -0.32706978100698841     
 BACK FROM LOWSIC
 CALLING DIAGGE:        1350           3
  LOWDEN OVERLAP EIGENVALUES:
    0.750033        1.02835        1.22162    
 Alan after LOWSIC
 FILO
  0.68552341731184596       0.51396472117468617       0.51565289653498114      -0.37799091143840757      -0.37824574047884202     
   5.1085304867043435E-004 -0.70860460627112876       0.70560559167321057      -0.70338142880872168       0.10687553736461759     
  0.72805039890535839      -0.48344573362391563      -0.48602761165862024      -0.10255124237886350      -0.69970568483433526     
   1.2839953013940066E-005 -0.50549446351922089       0.50101942860658100      -0.49447930903132298       0.49894397710082783     
  0.75661082091335052      -0.32621470123087010      -0.32680039875480554      -0.32764445990039293      -0.32706978100698841     
 Alan after LOWSIC
 FILO
  0.68552341731184596       0.51396472117468617       0.51565289653498114      -0.37799091143840757      -0.37824574047884202     
   5.1085304867043435E-004 -0.70860460627112876       0.70560559167321057      -0.70338142880872168       0.10687553736461759     
  0.72805039890535839      -0.48344573362391563      -0.48602761165862024      -0.10255124237886350      -0.69970568483433526     
   1.2839953013940066E-005 -0.50549446351922089       0.50101942860658100      -0.49447930903132298       0.49894397710082783     
  0.75661082091335052      -0.32621470123087010      -0.32680039875480554      -0.32764445990039293      -0.32706978100698841     
 BACK FROM LOWSIC
  CALLING FRMIORB(1,1)
 MORB(1), MORB(2):           5           3
 RHOG:   223.32007630639484        3.3562174425493627E-002   3.3563319632330751E-002   3.3564981968008237E-002   3.3563848618129923E-002   223.32007630639484        3.3562174425493627E-002   3.3563319632330751E-002
 MPTS:           8
 NON-ORTHONORMAL OVERLAP MATRIX FOR SPIN:           1
 CALLING LOWDEN
 CALLING DIAGGE:        1350           5
  LOWDEN OVERLAP EIGENVALUES:
    0.729674        1.01338        1.01338        1.04167        1.20189    
 EVALOCC:
    1.170673    0.993376    0.993376    0.979793    0.912152
 ORTHOGONAL TRANSFORMATION
 ORTHONORMAL OVERLAP MATRIX FOR SPIN:           1
 NON-ORTHONORMAL OVERLAP MATRIX FOR SPIN:           2
 CALLING LOWDEN
 CALLING DIAGGE:        1350           3
  LOWDEN OVERLAP EIGENVALUES:
    0.750033        1.02835        1.22162    
 EVALOCC:
    1.154675    0.986120    0.904758
 ORTHOGONAL TRANSFORMATION
 ORTHONORMAL OVERLAP MATRIX FOR SPIN:           2
  FINISHED FRMIORB(1,1)
 ZPOT  created           1
 ZPOT  created           2
 ZPOT  created           3
 ZPOT  created           4
 ZPOT  created           5
TIME FOR SIC ORBITAL LOOP        1.320
         207 OPENING ZPOT0001    
         208 OPENING ZPOT0002    
         209 OPENING ZPOT0003    
         210 OPENING ZPOT0004    
         211 OPENING ZPOT0005    
 TIME FOR SIC MATRIX:           6   8.9999999999999858E-002
 SIC MATRIX FOR SPIN LSPN:           1
     -2.30498    -0.01995    -0.01994    -0.01994    -0.01994
     -0.01629    -0.45580    -0.02168    -0.02081    -0.02168
     -0.01629    -0.02167    -0.45585    -0.02167    -0.02080
     -0.01630    -0.02080    -0.02167    -0.45593    -0.02167
     -0.01629    -0.02167    -0.02080    -0.02167    -0.45587
 SICLAGM DONE           5           3           1
         207  CLOSED AND DELETED
         208  CLOSED AND DELETED
         209  CLOSED AND DELETED
         210  CLOSED AND DELETED
         211  CLOSED AND DELETED
 TIME FOR SICLAGM:  0.10999999999999943     
 ORBITAL SIC:   1.000000   1.000000   0.999999  -2.760225  -0.339995  -2.372110  -0.048121   0.000000   0.000000
 ORBITAL SIC:   2.000000   1.000000   0.964632  -0.596279  -0.039183  -0.527734  -0.029362   0.000000   0.000000
 ORBITAL SIC:   3.000000   1.000000   1.038411  -0.596332  -0.039196  -0.527773  -0.029363   0.000000   0.000000
 ORBITAL SIC:   4.000000   1.000000   0.992179  -0.596409  -0.039215  -0.527829  -0.029364   0.000000   0.000000
 ORBITAL SIC:   5.000000   1.000000   1.004765  -0.596356  -0.039202  -0.527791  -0.029364   0.000000   0.000000
  CALLING FRMORB2(0,0)
 TIME in 1000 LOOP:   0.0000000000000000     
 CALLING DIAGGE:        1350           5
  LOWDEN OVERLAP EIGENVALUES:
    0.729674        1.01338        1.01338        1.04167        1.20189    
 Alan after LOWSIC
 FILO
 -0.65386459585535239      -0.37862166047880413      -0.37836458500071468      -0.37799091143840757      -0.37824574047884202     
  -1.0163380022436888E-003  0.69577321026667482       -9.8644777116157226E-002 -0.70338142880872168       0.10687553736461759     
  -3.5050812029633255E-004  0.10297861012728739       0.69949301661801844      -0.10255124237886350      -0.69970568483433526     
   1.2839953013940066E-005 -0.50549446351922089       0.50101942860658100      -0.49447930903132298       0.49894397710082783     
  0.75661082091335052      -0.32621470123087010      -0.32680039875480554      -0.32764445990039293      -0.32706978100698841     
 Alan after LOWSIC
 FILO
 -0.65386459585535239      -0.37862166047880413      -0.37836458500071468      -0.37799091143840757      -0.37824574047884202     
  -1.0163380022436888E-003  0.69577321026667482       -9.8644777116157226E-002 -0.70338142880872168       0.10687553736461759     
