 MPI: Number of worker processes=           3
 No input specified. Running in old mode.
         0.0000000000        0.0000000000        0.0000000000  1
         0.9000000000        0.9000000000        0.9000000000  1
        -0.9000000000       -0.9000000000        0.9000000000  1
        -0.9000000000        0.9000000000       -0.9000000000  1
         0.9000000000       -0.9000000000       -0.9000000000  1
         0.0000000000        0.0000000000        0.0000000000  1
         0.9000000000        0.9000000000        0.9000000000  1
        -0.9000000000       -0.9000000000        0.9000000000  1
        -0.9000000000        0.9000000000       -0.9000000000  1
           1           1           1
           2           1           1
           3           1           1
           4           1           1
           5           1           1
 **************************************************************** 
*      ___       ___       ___       ___       ___       ___     *
*     /\  \     /\__\     /\  \     /\  \     /\  \     /\  \    *
*    /::\  \   /:/  /    /::\  \   /::\  \   _\:\  \   /::\  \   *
*   /::\:\__\ /:/__/    /:/\:\__\ /\:\:\__\ /\/::\__\ /:/\:\__\  *
*   \/\:\/__/ \:\  \    \:\/:/  / \:\:\/__/ \::/\/__/ \:\ \/__/  *
*      \/__/   \:\__\    \::/  /   \::/  /   \:\__\    \:\__\    *
*               \/__/     \/__/     \/__/     \/__/     \/__/    *
*                  FLOSIC Public Release 2020                    *
* For published work employing this software, please cite        *
* these articles where it is relevant to your use. BibTex        *
* citations available in /doc/references/bib                     *
*                                                                *
* This software:                                                 *
* R. R. Zope, Y. Yamamoto, L. Basurto, C. M. Diaz, T. Baruah and *
* K. A. Jackson, FLOSIC software, https://flosic.org/, based on  *
* the NRLMOL code of M. R. Pederson.                             *
*                                                                *
* Parallelization:                                               *
* Y. Yamamoto, L. Basurto, C. M. Diaz, R. R. Zope, and T. Baruah,*
* “Self-interaction correction to density functional             *
* approximations using Fermi-Loewdin orbitals: Methodology and   *
* parallelization” (unpublished).                                *
*                                                                *
* UTEP NRLMOL:                                                   *
* C. M. Diaz, L. Basurto, Y. Yamamoto, T. Baruah, and R. R. Zope,*
* UTEP-NRLMOL code (unpublished).                                *
*                                                                *
* NRLMOL basis:                                                  *
* D. Porezag and M. R. Pederson, Phys. Rev. A: At. Mol. Opt.     *
* Phys. 60, 2840 (1999).                                         *
*                                                                *
* Variational mesh:                                              *
* M. R. Pederson and K. A. Jackson, Phys. Rev. B: Condens.       *
* Matter Mater. Phys. 41, 7453 (1990).                           *
*                                                                *
* FLOSIC and FLOSIC algorithm:                                   *
* M. R. Pederson, A. Ruzsinszky, and J. P. Perdew, J. Chem. Phys.*
* 140, 121103 (2014); Z. Yang, M. R. Pederson, and J. P. Perdew, *
* Phys. Rev. A 95, 052505 (2017).                                *
*                                                                *
* FLOSIC-SCAN/-rSCAN, FLOSIC-libxc, or integration by parts:     *
* Y. Yamamoto, C. M. Diaz, L. Basurto, K. A. Jackson, T. Baruah  *
* and R. R. Zope, J. Chem. Phys. 151, 154105 (2019); Y. Yamamoto,*
* A. Salcedo, C. M. Diaz, M. S. Alam, T. Baruah and R. R. Zope,  *
* Phys. Chem. Chem. Phys. 22, 18060 (2020).                      *
*                                                                *
* ADSIC, Slater averaging of SIC potential, FLOSIC-KLI:          *
* C. M. Diaz, T. Baruah, and R. R. Zope, Phys. Rev. A 103, 042811*
* (2021); C. M. Diaz, P. Suryanarayana, Q. Xu, T. Baruah, J. E.  *
* Pask, and R. R. Zope, J. Chem. Phys. 154, 084112 (2021).       *
 **************************************************************** 
FLOSIC software is based on NRLMOL
NRLMOL version 12/23/2013 
 
Copyright by Mark R. Pederson, Koblar A. Jackson, Dirk V. Porezag,
and David C. Patton, 1988-2001
 
Permission to use, copy, and distribute this software can only be
granted by the authors. Please contact nrlmol@dave.nrl.navy.mil
for questions, updates, modifications, and bug reports.
 
If you use this program please cite the following articles:
 
* M. R. Pederson and K. A. Jackson, Phys. Rev. B. 41, 7453 (1990)
* K. A. Jackson and M. R. Pederson, Phys. Rev. B. 42, 3276 (1990)
* M. R. Pederson and K. A. Jackson, Phys. Rev. B. 43, 7312 (1991)
* A. A. Quong, M. R. Pederson, and J. L. Feldman,
  Solid State Commun. 87, 535 (1993)
* D. V. Porezag and M. R. Pederson, Phys. Rev. B. 54, 7830 (1996)
* D. V. Porezag, PhD thesis: http://archiv.tu-chemnitz.de/pub/1997/0025
* A. Briley, M. R. Pederson, K. A. Jackson, D. C. Patton, and
  D. V. Porezag,Phys. Rev. B. 58, 1786 (1998)
 
MPI VERSION
CALCULATION OF SIC MATRIX IN GROUPS



GLOBAL AWAKENING ON:
Thu Jun  5 05:35:40 PM EDT 2025
CPU NODE:
lac-318
Linux lac-318 5.15.0-126-generic #136-Ubuntu SMP Wed Nov 6 10:38:22 UTC 2024 x86_64 x86_64 x86_64 GNU/Linux
 SCF calculation
 
 LIST OF PARAMETERS USED FOR THIS ADVENTURE
 MXSPN=(           2 )
 MAX_PTS=(     1000000 )
 MAX_FUSET=(          12 )
 MAX_IDENT=(          65 )
 MX_CNT=(MX_CNT)
 MXATMS=(          80 )
 MX_CNT=(          80 )
 NMUPMAX=(           7 )
 MAX_BARE=(          25 )
 MAX_CON=(          25 )
 MAX_OCC=(        1100 )
 MAXUNSYM=(          70 )
 NDH=(        1350 )
 NDH_TOT=(      911925 )
 MX_GRP=(          24 )
 MAX_REP=(          10 )
 MAXSLC=(         350 )
 LOCMAX=(         360 )
 ISMAX=(          32 )
 MAXSYMSALC=(          32 )
 MXRPSP=(         100 )
 MXPTAB=(         100 )
 MXLPSP=(           2 )
 MXKPT=(           1 )
 MPBLOCK=(         100 )
 MPBLOCKXC=(        1000 )
 MXPOISS=(         100 )
 NSPEED=(          25 )
 LDIM=(           3 )
 CUTEXP=(   40.000000000000000      )
 MX_SPH=(        5300 )
 MAX_VIRT_PER_SYM=(        2100 )
 MAXGFIT=(          15 )
 MAXLSQF=(          50 )
 MTEMP=(      147000 )
 KRHOG=(          10 )
 C   DONE....
RELAXATION MODE: SCF-ONLY                           
FUNC2NUM: functional string: LDA-PW91
FUNC2NUM: func_id:  -1
 LDA-PW91*LDA-PW91        (DF TYPE E is not libxc FUNCTIONAL TYPE
EXCHANGE    FUNCTIONAL: LDA
CORRELATION FUNCTIONAL: LDA PERDEW-WANG 91           
READING AND ANALYZING GROUP MATRICES
DETERMINING SYMMETRY GROUP
NUMBER OF REPRESENTATIONS:  1
DIMENSIONS: 1
 CHARACTERS OF SYMMETRY OPERATIONS IN GRPMAT:
IRREP 1:  1.0
CHECKING GREAT ORTHOGONALITY THEOREM
CHECKING MULTIPLICATION TABLE
REPRESENTATION  1 IS OK
CHECKING GROUP REPRESENTATION
GROUP REPRESENTATION IS OK
CHECKING S REPRESENTATION
S REPRESENTATION IS OK
CHECKING P REPRESENTATION
P REPRESENTATION IS OK
CHECKING D REPRESENTATION:
D REPRESENTATION IS OK
TOTAL NUMBER OF FAILED TESTS:   0
READING ATOMIC AND BASIS SET DATA
SCF FOR ATOM TYPE   1 SUCCESSFUL, EIGENVALUES: 
    -24.18903     -1.08668      0.11374      1.19074      9.71050
     -0.41543      0.19822      1.07445      4.12449
      0.68792      2.34866      6.26149
CHARGE ERROR IN DENSITY FIT:   0.00638332 (CORRECTED)
POTENTIAL AND DENSITY FITS ARE OK
TESTING BASIS SET
 TESTBAS: back from OVERLAP. TIME:   1.0000000000000009E-002
 TESTBAS: pre-diag time   0.0000000000000000     
 TESTBAS:diag time   0.0000000000000000     
 
CREATING VARIATIONAL INTEGRATION MESH
ORIGINAL IDENTITY MEMBERS:
ATOM   1:     0.000000     0.000000     0.000000, Z=    9.00000
INFINITY RADIUS IS:       10.61
 
NUMBER OF UNIQUE ATOMS:     1
COORDINATES OF ATOMIC CUBES:
        0.000000        0.000000        0.000000
 
THE CAKE WILL BE SLICED RIGHT NOW !
CHECKING IF ADJACENT ATOMS ARE TOO CLOSE TO ATOMIC CUBES
REMOVING SYMMETRY-EQUIVALENT BOXES
CHECKING FOR REDUCIBLE BOXES
 
FINAL BOX SET:
BOX     1, MULTIPLICITY:   1, IDENTITY MEMBER:   1
CENTER     0.000000     0.000000     0.000000
SIZE      21.210353    21.210353    21.210353
LOWEST LDA POTENTIAL FOR INTERSTITIAL REGIONS:      0.00000
TOTAL VOLUME:   0.954209342010D+04, CORRECT:   0.954209342010D+04
 
ASSIGNING POINTS TO CUBES THAT CONTAIN ATOMS
NUMBER OF POINTS FOR ATOMIC CUBES:      21140
ASSIGNING POINTS TO INTERSTITIAL BOXES
TOTAL NUMBER OF MESH POINTS:            21140
REORDERING MESH POINTS
TOTAL NUMBER OF SPHERES:   232
SPHERE INFORMATION: RADIUS, VOLUME, NUMBER OF POINTS, POINT DENSITY
MINIMUM:      0.558      0.726        2      0.005
MAXIMUM:      4.460    371.634     2363   3255.503
AVERAGE:      2.038    102.520       91    105.293
WORST ASPECT RATIO:      1.000 : 1
 
TEST INTEGRATION FOR BARE GAUSSIANS
 
 ID-MEM   BEST ALPHA   BEST ERROR   WORST ALPHA  WORST ERROR
------------------------------------------------------------
    1      0.11E+05     0.29E-10      0.33E+05     0.34E-07
 
TIME IN OVERNUM:      0.0700
 DIAGGE3:Calling DSPGVD
LARGEST S-DIAGONAL ERROR:   0.2792D-07
LARGEST S-GENERAL  ERROR:   0.2792D-07
LARGEST S-EIGEN    ERROR:   0.1637D-05
TIME FOR CONSTRUCTION OF VARIATIONAL MESH:          0.130
TIME FOR MESH REORDERING:                           0.010
TIME FOR MESH READING / TESTING + WRITING:          0.090
 NMSH is        21140
 TRACER:CALLING GLOBAL_CALL(64)
 allocating sic matrix        1100        1100           2
 
ITERATION   1
=============
 CALLING SCFSICw
 MIXING           2  0:POTENTIAL,1:DENMAT,2:HAMILT
USING O(N)/PARALLEL HAMILTONIAN ROUTINE
TIME FOR POTENTIAL MATRIX ELEMENTS:                 0.000
USING O(N)/PARALLEL HAMILTONIAN ROUTINE
TIME FOR POTENTIAL MATRIX ELEMENTS:                 0.000
CONSTRUCTING NEW WAVEFUNCTIONS
SPIN 1:
 CALLING DIAGGE SIC
SPIN 2:
 CALLING DIAGGE SIC
   36    1  -24.189207    1.000000    5.000000    1.000000
   36    2   -1.086606    1.000000    5.000000    2.000000
   36    3   -0.415378    1.000000    5.000000    3.000000
   36    4   -0.415378    1.000000    5.000000    4.000000
   36    5   -0.415378    1.000000    5.000000    5.000000
   36    1  -24.189207    1.000000    4.000000    1.000000
   36    2   -1.086606    1.000000    4.000000    2.000000
   36    3   -0.415378    1.000000    4.000000    3.000000
   36    4   -0.415378    1.000000    4.000000    4.000000
STATE    1, EV=      -24.189207, OCCUP=     1.000000
STATE    2, EV=       -1.086606, OCCUP=     1.000000
STATE    3, EV=       -0.415378, OCCUP=     1.000000
STATE    4, EV=       -0.415378, OCCUP=     1.000000
STATE    5, EV=       -0.415378, OCCUP=     1.000000
STATE    6, EV=        0.078014, OCCUP=     0.000000
STATE    7, EV=        0.198056, OCCUP=     0.000000
STATE    8, EV=        0.198056, OCCUP=     0.000000
STATE    9, EV=        0.198056, OCCUP=     0.000000
STATE   10, EV=        0.670532, OCCUP=     0.000000
STATE   11, EV=        0.687999, OCCUP=     0.000000
STATE   12, EV=        0.687999, OCCUP=     0.000000
STATE   13, EV=        0.687999, OCCUP=     0.000000
STATE   14, EV=        0.687999, OCCUP=     0.000000
STATE   15, EV=        0.687999, OCCUP=     0.000000
STATE   16, EV=        1.073229, OCCUP=     0.000000
STATE   17, EV=        1.073229, OCCUP=     0.000000
STATE   18, EV=        1.073229, OCCUP=     0.000000
STATE   19, EV=        1.959382, OCCUP=     0.000000
STATE   20, EV=        2.349849, OCCUP=     0.000000
STATE   21, EV=        2.349849, OCCUP=     0.000000
STATE   22, EV=        2.349849, OCCUP=     0.000000
STATE   23, EV=        2.349849, OCCUP=     0.000000
STATE   24, EV=        2.349849, OCCUP=     0.000000
STATE   25, EV=        4.124609, OCCUP=     0.000000
STATE   26, EV=        4.124609, OCCUP=     0.000000
STATE   27, EV=        4.124609, OCCUP=     0.000000
STATE   28, EV=        4.497313, OCCUP=     0.000000
STATE   29, EV=        6.261938, OCCUP=     0.000000
STATE   30, EV=        6.261938, OCCUP=     0.000000
STATE   31, EV=        6.261938, OCCUP=     0.000000
STATE   32, EV=        6.261938, OCCUP=     0.000000
STATE   33, EV=        6.261938, OCCUP=     0.000000
STATE   34, EV=       11.319511, OCCUP=     0.000000
STATE   35, EV=       59.440365, OCCUP=     0.000000
STATE   36, EV=      -24.189207, OCCUP=     1.000000
STATE   37, EV=       -1.086606, OCCUP=     1.000000
STATE   38, EV=       -0.415378, OCCUP=     1.000000
STATE   39, EV=       -0.415378, OCCUP=     1.000000
STATE   40, EV=       -0.415378, OCCUP=     0.000000
STATE   41, EV=        0.078014, OCCUP=     0.000000
STATE   42, EV=        0.198056, OCCUP=     0.000000
STATE   43, EV=        0.198056, OCCUP=     0.000000
STATE   44, EV=        0.198056, OCCUP=     0.000000
STATE   45, EV=        0.670532, OCCUP=     0.000000
STATE   46, EV=        0.687999, OCCUP=     0.000000
STATE   47, EV=        0.687999, OCCUP=     0.000000
STATE   48, EV=        0.687999, OCCUP=     0.000000
STATE   49, EV=        0.687999, OCCUP=     0.000000
STATE   50, EV=        0.687999, OCCUP=     0.000000
STATE   51, EV=        1.073229, OCCUP=     0.000000
STATE   52, EV=        1.073229, OCCUP=     0.000000
STATE   53, EV=        1.073229, OCCUP=     0.000000
STATE   54, EV=        1.959382, OCCUP=     0.000000
STATE   55, EV=        2.349849, OCCUP=     0.000000
STATE   56, EV=        2.349849, OCCUP=     0.000000
STATE   57, EV=        2.349849, OCCUP=     0.000000
STATE   58, EV=        2.349849, OCCUP=     0.000000
STATE   59, EV=        2.349849, OCCUP=     0.000000
STATE   60, EV=        4.124609, OCCUP=     0.000000
STATE   61, EV=        4.124609, OCCUP=     0.000000
STATE   62, EV=        4.124609, OCCUP=     0.000000
STATE   63, EV=        4.497313, OCCUP=     0.000000
STATE   64, EV=        6.261938, OCCUP=     0.000000
STATE   65, EV=        6.261938, OCCUP=     0.000000
STATE   66, EV=        6.261938, OCCUP=     0.000000
STATE   67, EV=        6.261938, OCCUP=     0.000000
STATE   68, EV=        6.261938, OCCUP=     0.000000
STATE   69, EV=       11.319511, OCCUP=     0.000000
STATE   70, EV=       59.440365, OCCUP=     0.000000
 ELECTRON :   5.0000000000000000        4.0000000000000000     
 ELECTRONS OF SPIN UP :    5.0000000000000000     
 ELECTRONS OF SPIN DN :    4.0000000000000000     
TIME FOR CONSTRUCTION OF NEW WAVEFUNCTIONS:         0.060
TRACE OF HAMILTONIAN:         -52.628517
  CALLING FRMORB2(0,0)
 TIME in 1000 LOOP:   1.0000000000000009E-002
 CALLING DIAGGE:        1350           5
  LOWDEN OVERLAP EIGENVALUES:
    0.746500        1.01908        1.01908        1.01908        1.19627    
 Alan after LOWSIC
 FILO
 -0.66058578655730860      -0.37537528529870273      -0.37537528486143212      -0.37537528530049763      -0.37537528486322663     
  -4.9136080538519404E-012   1.4518374146312851E-003 -0.70855558075178182        1.4517231097724292E-003  0.70565202022926232     
   8.4639213355780782E-010 -0.50204843439291136       0.49794266671827703      -0.49794313707033488       0.50204890442034755     
   4.9141724811303143E-012  0.70565236609294535        1.4455329486641913E-003 -0.70855523766750683        1.4573386240118592E-003
  0.75075057016192948      -0.33029289290884473      -0.33029289365151204      -0.33029289290579555      -0.33029289364846481     
 Alan after LOWSIC
 FILO
 -0.66058578655730860      -0.37537528529870273      -0.37537528486143212      -0.37537528530049763      -0.37537528486322663     
  -4.9136080538519404E-012   1.4518374146312851E-003 -0.70855558075178182        1.4517231097724292E-003  0.70565202022926232     
   8.4639213355780782E-010 -0.50204843439291136       0.49794266671827703      -0.49794313707033488       0.50204890442034755     
   4.9141724811303143E-012  0.70565236609294535        1.4455329486641913E-003 -0.70855523766750683        1.4573386240118592E-003
  0.75075057016192948      -0.33029289290884473      -0.33029289365151204      -0.33029289290579555      -0.33029289364846481     
 BACK FROM LOWSIC
 CALLING DIAGGE:        1350           4
  LOWDEN OVERLAP EIGENVALUES:
    0.320359       0.901713        1.36737        1.41056    
 Alan after LOWSIC
 FILO
 -0.12420240836346794      -0.59167945702415969      -0.59360512657836728       0.53115170675823875      -0.37537528486322663     
 -0.87962991364700394      -0.11084095465369868      -0.10794073872097062      -0.44979361346421126       0.70565202022926232     
   2.2938228615863143E-002 -0.72408764648863377       0.68859837800333112       -3.1673201317501933E-002  0.50204890442034755     
 -0.45858348688329931       0.33664043593959941       0.40226113960390508       0.71732864017333009        1.4573386240118592E-003
  0.75075057016192948      -0.33029289290884473      -0.33029289365151204      -0.33029289290579555      -0.33029289364846481     
 Alan after LOWSIC
 FILO
 -0.12420240836346794      -0.59167945702415969      -0.59360512657836728       0.53115170675823875      -0.37537528486322663     
 -0.87962991364700394      -0.11084095465369868      -0.10794073872097062      -0.44979361346421126       0.70565202022926232     
   2.2938228615863143E-002 -0.72408764648863377       0.68859837800333112       -3.1673201317501933E-002  0.50204890442034755     
 -0.45858348688329931       0.33664043593959941       0.40226113960390508       0.71732864017333009        1.4573386240118592E-003
  0.75075057016192948      -0.33029289290884473      -0.33029289365151204      -0.33029289290579555      -0.33029289364846481     
 BACK FROM LOWSIC
  CALLING FRMIORB(1,1)
 MORB(1), MORB(2):           5           4
 RHOG:   218.84919940826757        4.1924837771756158E-002   4.1924837756676533E-002   4.1924837771818074E-002   4.1924837756738442E-002   218.84919940826757        4.1924837771756158E-002   4.1924837756676533E-002   4.1924837771818074E-002
 MPTS:           9
 NON-ORTHONORMAL OVERLAP MATRIX FOR SPIN:           1
 CALLING LOWDEN
 CALLING DIAGGE:        1350           5
  LOWDEN OVERLAP EIGENVALUES:
    0.746500        1.01908        1.01908        1.01908        1.19627    
 EVALOCC:
    1.157404    0.990595    0.990595    0.990595    0.914294
 ORTHOGONAL TRANSFORMATION
 ORTHONORMAL OVERLAP MATRIX FOR SPIN:           1
 NON-ORTHONORMAL OVERLAP MATRIX FOR SPIN:           2
 CALLING LOWDEN
 CALLING DIAGGE:        1350           4
  LOWDEN OVERLAP EIGENVALUES:
    0.320359       0.901713        1.36737        1.41056    
 EVALOCC:
    1.766777    1.053091    0.855180    0.841985
 ORTHOGONAL TRANSFORMATION
 ORTHONORMAL OVERLAP MATRIX FOR SPIN:           2
  FINISHED FRMIORB(1,1)
 ZPOT  created           1
 ZPOT  created           2
 ZPOT  created           3
 ZPOT  created           4
 ZPOT  created           5
TIME FOR SIC ORBITAL LOOP        1.800
         207 OPENING ZPOT0001    
         208 OPENING ZPOT0002    
         209 OPENING ZPOT0003    
         210 OPENING ZPOT0004    
         211 OPENING ZPOT0005    
 TIME FOR SIC MATRIX:           6  0.10000000000000009     
 SIC MATRIX FOR SPIN LSPN:           1
     -2.27739    -0.02048    -0.02048    -0.02048    -0.02048
     -0.01125    -0.38969    -0.01975    -0.01975    -0.01975
     -0.01125    -0.01975    -0.38969    -0.01975    -0.01975
     -0.01125    -0.01975    -0.01975    -0.38969    -0.01975
     -0.01125    -0.01975    -0.01975    -0.01975    -0.38969
 SICLAGM DONE           5           4           1
         207  CLOSED AND DELETED
         208  CLOSED AND DELETED
         209  CLOSED AND DELETED
         210  CLOSED AND DELETED
         211  CLOSED AND DELETED
 TIME FOR SICLAGM:  0.12000000000000011     
 ORBITAL SIC:   1.000000   1.000000   1.000000  -2.728917  -0.334998  -2.345971  -0.047948   0.000000   0.000000
 ORBITAL SIC:   2.000000   1.000000   0.961664  -0.517071  -0.029550  -0.459871  -0.027650   0.000000   0.000000
 ORBITAL SIC:   3.000000   1.000000   1.042758  -0.517071  -0.029550  -0.459871  -0.027650   0.000000   0.000000
 ORBITAL SIC:   4.000000   1.000000   0.990554  -0.517071  -0.029550  -0.459871  -0.027650   0.000000   0.000000
 ORBITAL SIC:   5.000000   1.000000   1.005025  -0.517071  -0.029550  -0.459871  -0.027650   0.000000   0.000000
  CALLING FRMORB2(0,0)
 TIME in 1000 LOOP:   0.0000000000000000     
 CALLING DIAGGE:        1350           5
  LOWDEN OVERLAP EIGENVALUES:
    0.746500        1.01908        1.01908        1.01908        1.19627    
 Alan after LOWSIC
 FILO
 -0.66058578655730860      -0.37537528529870273      -0.37537528486143212      -0.37537528530049763      -0.37537528486322663     
  -4.9136080538519404E-012   1.4518374146312851E-003 -0.70855558075178182        1.4517231097724292E-003  0.70565202022926232     
   8.4639213355780782E-010 -0.50204843439291136       0.49794266671827703      -0.49794313707033488       0.50204890442034755     
   4.9141724811303143E-012  0.70565236609294535        1.4455329486641913E-003 -0.70855523766750683        1.4573386240118592E-003
  0.75075057016192948      -0.33029289290884473      -0.33029289365151204      -0.33029289290579555      -0.33029289364846481     
 Alan after LOWSIC
 FILO
 -0.66058578655730860      -0.37537528529870273      -0.37537528486143212      -0.37537528530049763      -0.37537528486322663     
  -4.9136080538519404E-012   1.4518374146312851E-003 -0.70855558075178182        1.4517231097724292E-003  0.70565202022926232     
   8.4639213355780782E-010 -0.50204843439291136       0.49794266671827703      -0.49794313707033488       0.50204890442034755     
   4.9141724811303143E-012  0.70565236609294535        1.4455329486641913E-003 -0.70855523766750683        1.4573386240118592E-003
  0.75075057016192948      -0.33029289290884473      -0.33029289365151204      -0.33029289290579555      -0.33029289364846481     
 BACK FROM LOWSIC
 CALLING DIAGGE:        1350           4
  LOWDEN OVERLAP EIGENVALUES:
    0.320359       0.901713        1.36737        1.41056    
 Alan after LOWSIC
 FILO
 -0.12420240836346794      -0.59167945702415969      -0.59360512657836728       0.53115170675823875      -0.37537528486322663     
 -0.87962991364700394      -0.11084095465369868      -0.10794073872097062      -0.44979361346421126       0.70565202022926232     
   2.2938228615863143E-002 -0.72408764648863377       0.68859837800333112       -3.1673201317501933E-002  0.50204890442034755     
 -0.45858348688329931       0.33664043593959941       0.40226113960390508       0.71732864017333009        1.4573386240118592E-003
  0.75075057016192948      -0.33029289290884473      -0.33029289365151204      -0.33029289290579555      -0.33029289364846481     
 Alan after LOWSIC
 FILO
 -0.12420240836346794      -0.59167945702415969      -0.59360512657836728       0.53115170675823875      -0.37537528486322663     
 -0.87962991364700394      -0.11084095465369868      -0.10794073872097062      -0.44979361346421126       0.70565202022926232     
   2.2938228615863143E-002 -0.72408764648863377       0.68859837800333112       -3.1673201317501933E-002  0.50204890442034755     
 -0.45858348688329931       0.33664043593959941       0.40226113960390508       0.71732864017333009        1.4573386240118592E-003
  0.75075057016192948      -0.33029289290884473      -0.33029289365151204      -0.33029289290579555      -0.33029289364846481     
 BACK FROM LOWSIC
  CALLING FRMIORB(1,1)
 MORB(1), MORB(2):           5           4
 RHOG:   218.84919940826757        4.1924837771756158E-002   4.1924837756676533E-002   4.1924837771818074E-002   4.1924837756738442E-002   218.84919940826757        4.1924837771756158E-002   4.1924837756676533E-002   4.1924837771818074E-002
 MPTS:           9
 NON-ORTHONORMAL OVERLAP MATRIX FOR SPIN:           1
 CALLING LOWDEN
 CALLING DIAGGE:        1350           5
  LOWDEN OVERLAP EIGENVALUES:
    0.746500        1.01908        1.01908        1.01908        1.19627    
 EVALOCC:
    1.157404    0.990595    0.990595    0.990595    0.914294
 ORTHOGONAL TRANSFORMATION
 ORTHONORMAL OVERLAP MATRIX FOR SPIN:           1
 NON-ORTHONORMAL OVERLAP MATRIX FOR SPIN:           2
 CALLING LOWDEN
 CALLING DIAGGE:        1350           4
  LOWDEN OVERLAP EIGENVALUES:
    0.320359       0.901713        1.36737        1.41056    
 EVALOCC:
    1.766777    1.053091    0.855180    0.841985
 ORTHOGONAL TRANSFORMATION
 ORTHONORMAL OVERLAP MATRIX FOR SPIN:           2
  FINISHED FRMIORB(1,1)
 ZPOT  created          36
 ZPOT  created          37
 ZPOT  created          38
 ZPOT  created          39
TIME FOR SIC ORBITAL LOOP        1.160
         242 OPENING ZPOT0036    
         243 OPENING ZPOT0037    
         244 OPENING ZPOT0038    
         245 OPENING ZPOT0039    
 TIME FOR SIC MATRIX:           5  0.10000000000000009     
 SIC MATRIX FOR SPIN LSPN:           2
     -2.27557    -0.03757    -0.03760     0.00846
     -0.01134    -0.41611    -0.01063    -0.00492
     -0.01135    -0.01049    -0.41618    -0.00486
     -0.01012    -0.02851    -0.02856    -0.34814
 SICLAGM DONE           5           4           2
         242  CLOSED AND DELETED
         243  CLOSED AND DELETED
         244  CLOSED AND DELETED
         245  CLOSED AND DELETED
 TIME FOR SICLAGM:  0.10999999999999988     
 ORBITAL SIC:   1.000000   1.000000   1.000009  -2.728011  -0.334091  -2.345988  -0.047932   0.000000   0.000000
 ORBITAL SIC:   2.000000   1.000000   0.951216  -0.536808  -0.039437  -0.469399  -0.027973   0.000000   0.000000
 ORBITAL SIC:   3.000000   1.000000   1.060729  -0.536851  -0.039469  -0.469408  -0.027974   0.000000   0.000000
 ORBITAL SIC:   4.000000   1.000000   0.991187  -0.485840  -0.014084  -0.444498  -0.027258   0.000000   0.000000
 FLO    Charge     Asymp      E_COUL     E_SIC      EXlocal    EClocal    EXnonl     ECnonl      XC/H
  1.   1.000000   1.000000  -2.728917  -0.334998  -2.345971  -0.047948   0.000000   0.000000   0.877241
  2.   1.000000   0.961664  -0.517071  -0.029550  -0.459871  -0.027650   0.000000   0.000000   0.942852
  3.   1.000000   1.042758  -0.517071  -0.029550  -0.459871  -0.027650   0.000000   0.000000   0.942852
  4.   1.000000   0.990554  -0.517071  -0.029550  -0.459871  -0.027650   0.000000   0.000000   0.942852
  5.   1.000000   1.005025  -0.517071  -0.029550  -0.459871  -0.027650   0.000000   0.000000   0.942852
  1.   1.000000   1.000009  -2.728011  -0.334091  -2.345988  -0.047932   0.000000   0.000000   0.877533
  2.   1.000000   0.951216  -0.536808  -0.039437  -0.469399  -0.027973   0.000000   0.000000   0.926535
  3.   1.000000   1.060729  -0.536851  -0.039469  -0.469408  -0.027974   0.000000   0.000000   0.926480
  4.   1.000000   0.991187  -0.485840  -0.014084  -0.444498  -0.027258   0.000000   0.000000   0.971011
 MAIN : ZSIC = -0.88027771773514651     
 MAIN TIME FOR SIC :   3.2599999999999998     
CALCULATING KOHN-SHAM POTENTIAL ON MESH POINTS
NUMBER OF POINTS IN COUPOT:      21140
LONG  CHARGE IN COUPOT:         9.000000
TOTAL CHARGE IN COUPOT:         9.000000
TIME FOR COULOMB POTENTIAL,NMSH:       0.050     21140
 TOTAL TIME FOR LSD COUL   4.9999999999999822E-002
TOTAL CHARGE IN APOTNL:         8.999999990853
DIPOLE MOMENT:  -0.212647681668D-14  -0.263421062801D-14  -0.220702878267D-15
TIME FOR EXCHANGE-CORRELATION:                      0.000
TIME FOR REDUCED DERIVATIVES OF RHO:                 0.000
TIME FOR GORBDRV EXECUTION:                          0.000
TIME FOR COULOMB POTENTIAL + RHO AND RHODRV:         0.050
TIME FOR COMPLETE APOTNL EXECUTION:                  0.490
================================================
TOTAL ENERGY:                         -99.108100
CONTRIBUTIONS:
NUCLEAR REPULSION:                      0.000000
LOCAL POTENTIAL:                     -237.684308
MEAN-FIELD COULOMB:                    49.563436
KINETIC+NONLOCAL POTENTIAL:            98.673230
EXCHANGE-CORRELATION:                  -9.660458
EXTERNAL ELECTRIC FIELD:                0.000000
SELF-INTERACTION ENERGY:               -0.880278
TOTAL ENERGY + SIC ENERGY:            -99.988377
================================================
 TIME FOR ITERATION:   3.8300000000000001     
 
ITERATION   2
=============
 CALLING SCFSICw
 MIXING           2  0:POTENTIAL,1:DENMAT,2:HAMILT
USING O(N)/PARALLEL HAMILTONIAN ROUTINE
 NMSH:       21140  IN NUMHAM
TIME IN OVERNUM:      0.0700
TIME FOR POTENTIAL MATRIX ELEMENTS:                 0.070
USING O(N)/PARALLEL HAMILTONIAN ROUTINE
 NMSH:       21140  IN NUMHAM
TIME IN OVERNUM:      0.0800
TIME FOR POTENTIAL MATRIX ELEMENTS:                 0.080
 after normh 1
CONSTRUCTING NEW WAVEFUNCTIONS
SPIN 1:
 CALLING DIAGV
 DFA-SIC MATRIX:
 diagv hamiltonian error:  0.51223358970560429        1.6635460561736566     
 NFRM,NDH           5          35
TIME FOR DIAGGE        0.010
 TRACER:ITER=           2
TIME FOR DIAGV DIAGONALIZATION        0.000
 NEW ORBITALS:
 "Diagonalized Matrix:"
 BACKROTATION: O(N^3)          35
 IS IT OK?           0
SPIN 2:
 CALLING DIAGV
 DFA-SIC MATRIX:
 diagv hamiltonian error:  0.17207457252730088        1.0393976347105180     
 NFRM,NDH           4          35
TIME FOR DIAGGE        0.000
 TRACER:ITER=           3
TIME FOR DIAGV DIAGONALIZATION        0.000
 NEW ORBITALS:
 "Diagonalized Matrix:"
 BACKROTATION: O(N^3)          35
 IS IT OK?           0
 OPTIMIZED MOMENT  MODE :
   71    1  -26.463054    1.000000    9.000000    1.000000
   71   36  -26.431209    1.000000    9.000000    2.000000
   71    2   -1.579907    1.000000    9.000000    3.000000
   71   37   -1.502612    1.000000    9.000000    4.000000
   71    3   -0.866569    1.000000    9.000000    5.000000
   71   38   -0.785542    1.000000    9.000000    6.000000
   71    5   -0.784093    1.000000    9.000000    7.000000
   71    4   -0.784093    1.000000    9.000000    8.000000
   71   39   -0.722209    1.000000    9.000000    9.000000
STATE    1, EV=      -26.463054, OCCUP=     1.000000
STATE    2, EV=       -1.579907, OCCUP=     1.000000
STATE    3, EV=       -0.866569, OCCUP=     1.000000
STATE    4, EV=       -0.784093, OCCUP=     1.000000
STATE    5, EV=       -0.784093, OCCUP=     1.000000
STATE    6, EV=        0.074952, OCCUP=     0.000000
STATE    7, EV=        0.186146, OCCUP=     0.000000
STATE    8, EV=        0.198164, OCCUP=     0.000000
STATE    9, EV=        0.198164, OCCUP=     0.000000
STATE   10, EV=        0.658840, OCCUP=     0.000000
STATE   11, EV=        0.675161, OCCUP=     0.000000
STATE   12, EV=        0.675161, OCCUP=     0.000000
STATE   13, EV=        0.676268, OCCUP=     0.000000
STATE   14, EV=        0.691996, OCCUP=     0.000000
STATE   15, EV=        0.691997, OCCUP=     0.000000
STATE   16, EV=        1.038040, OCCUP=     0.000000
STATE   17, EV=        1.074652, OCCUP=     0.000000
STATE   18, EV=        1.074652, OCCUP=     0.000000
STATE   19, EV=        1.948360, OCCUP=     0.000000
STATE   20, EV=        2.306125, OCCUP=     0.000000
STATE   21, EV=        2.318855, OCCUP=     0.000000
STATE   22, EV=        2.318855, OCCUP=     0.000000
STATE   23, EV=        2.360284, OCCUP=     0.000000
STATE   24, EV=        2.360284, OCCUP=     0.000000
STATE   25, EV=        4.056480, OCCUP=     0.000000
STATE   26, EV=        4.123648, OCCUP=     0.000000
STATE   27, EV=        4.123648, OCCUP=     0.000000
STATE   28, EV=        4.480910, OCCUP=     0.000000
STATE   29, EV=        6.196298, OCCUP=     0.000000
STATE   30, EV=        6.215133, OCCUP=     0.000000
STATE   31, EV=        6.215133, OCCUP=     0.000000
STATE   32, EV=        6.275825, OCCUP=     0.000000
STATE   33, EV=        6.275825, OCCUP=     0.000000
STATE   34, EV=       11.294638, OCCUP=     0.000000
STATE   35, EV=       59.423570, OCCUP=     0.000000
STATE   36, EV=      -26.431209, OCCUP=     1.000000
STATE   37, EV=       -1.502612, OCCUP=     1.000000
STATE   38, EV=       -0.785542, OCCUP=     1.000000
STATE   39, EV=       -0.722209, OCCUP=     1.000000
STATE   40, EV=       -0.383811, OCCUP=     0.000000
STATE   41, EV=        0.083483, OCCUP=     0.000000
STATE   42, EV=        0.203878, OCCUP=     0.000000
STATE   43, EV=        0.203782, OCCUP=     0.000000
STATE   44, EV=        0.205108, OCCUP=     0.000000
STATE   45, EV=        0.680365, OCCUP=     0.000000
STATE   46, EV=        0.696679, OCCUP=     0.000000
STATE   47, EV=        0.696679, OCCUP=     0.000000
STATE   48, EV=        0.698595, OCCUP=     0.000000
STATE   49, EV=        0.698595, OCCUP=     0.000000
STATE   50, EV=        0.699351, OCCUP=     0.000000
STATE   51, EV=        1.090886, OCCUP=     0.000000
STATE   52, EV=        1.090942, OCCUP=     0.000000
STATE   53, EV=        1.091456, OCCUP=     0.000000
STATE   54, EV=        1.972513, OCCUP=     0.000000
STATE   55, EV=        2.366098, OCCUP=     0.000000
STATE   56, EV=        2.366098, OCCUP=     0.000000
STATE   57, EV=        2.369180, OCCUP=     0.000000
STATE   58, EV=        2.374979, OCCUP=     0.000000
STATE   59, EV=        2.374979, OCCUP=     0.000000
STATE   60, EV=        4.154110, OCCUP=     0.000000
STATE   61, EV=        4.154111, OCCUP=     0.000000
STATE   62, EV=        4.156023, OCCUP=     0.000000
STATE   63, EV=        4.518566, OCCUP=     0.000000
STATE   64, EV=        6.291679, OCCUP=     0.000000
STATE   65, EV=        6.291679, OCCUP=     0.000000
STATE   66, EV=        6.298398, OCCUP=     0.000000
STATE   67, EV=        6.299675, OCCUP=     0.000000
STATE   68, EV=        6.299675, OCCUP=     0.000000
STATE   69, EV=       11.354731, OCCUP=     0.000000
STATE   70, EV=       59.461496, OCCUP=     0.000000
 ELECTRON :   5.0000000000000000        4.0000000000000000     
 ELECTRONS OF SPIN UP :    5.0000000000000000     
 ELECTRONS OF SPIN DN :    4.0000000000000000     
TIME FOR CONSTRUCTION OF NEW WAVEFUNCTIONS:         0.050
TRACE OF HAMILTONIAN:         -59.919286
  CALLING FRMORB2(0,0)
 TIME in 1000 LOOP:   0.0000000000000000     
 CALLING DIAGGE:        1350           5
  LOWDEN OVERLAP EIGENVALUES:
    0.724907        1.01741        1.04452        1.04452        1.16864    
 Alan after LOWSIC
 FILO
 -0.61648024784078137      -0.39380662167397823      -0.39356371565048504      -0.39356347430043198      -0.39380685896496842     
   1.0012614744259185E-008 -0.49768273089454929      -0.50230656051133449       0.50231111362893699       0.49767817288030031     
  -8.1164863484332439E-004  0.49956020822838942      -0.49924361286015617      -0.50042860788448129       0.50076537720816972     
   1.7117947589682303E-007 -0.50290606818328976       0.49827762284975552      -0.49708257556639496       0.50171088309889300     
  0.78736995449955627      -0.30782028691154262      -0.30865992058605957      -0.30866074953014366      -0.30781946143861660     
 Alan after LOWSIC
 FILO
 -0.61648024784078137      -0.39380662167397823      -0.39356371565048504      -0.39356347430043198      -0.39380685896496842     
   1.0012614744259185E-008 -0.49768273089454929      -0.50230656051133449       0.50231111362893699       0.49767817288030031     
  -8.1164863484332439E-004  0.49956020822838942      -0.49924361286015617      -0.50042860788448129       0.50076537720816972     
   1.7117947589682303E-007 -0.50290606818328976       0.49827762284975552      -0.49708257556639496       0.50171088309889300     
  0.78736995449955627      -0.30782028691154262      -0.30865992058605957      -0.30866074953014366      -0.30781946143861660     
 BACK FROM LOWSIC
 CALLING DIAGGE:        1350           4
  LOWDEN OVERLAP EIGENVALUES:
    0.343221       0.903242        1.36551        1.38803    
 Alan after LOWSIC
 FILO
 -0.13251988380369153      -0.59526213577294829      -0.59719882073415753       0.52101347259491892      -0.39380685896496842     
 -0.87319869408163009      -0.10717764475580498      -0.10411830168164052      -0.46389263022133154       0.49767817288030031     
   4.3445163062614513E-002 -0.73738624948981124       0.67120960576274424       -6.2062081834513914E-002  0.50076537720816972     
 -0.46698505207046465       0.30072821823529605       0.42660357816183991       0.71379050638074804       0.50171088309889300     
  0.78736995449955627      -0.30782028691154262      -0.30865992058605957      -0.30866074953014366      -0.30781946143861660     
 Alan after LOWSIC
 FILO
 -0.13251988380369153      -0.59526213577294829      -0.59719882073415753       0.52101347259491892      -0.39380685896496842     
 -0.87319869408163009      -0.10717764475580498      -0.10411830168164052      -0.46389263022133154       0.49767817288030031     
   4.3445163062614513E-002 -0.73738624948981124       0.67120960576274424       -6.2062081834513914E-002  0.50076537720816972     
 -0.46698505207046465       0.30072821823529605       0.42660357816183991       0.71379050638074804       0.50171088309889300     
  0.78736995449955627      -0.30782028691154262      -0.30865992058605957      -0.30866074953014366      -0.30781946143861660     
 BACK FROM LOWSIC
  CALLING FRMIORB(1,1)
 MORB(1), MORB(2):           5           4
 RHOG:   221.51148501515706        4.2346997463207456E-002   4.2348815108614643E-002   4.2348816925348282E-002   4.2346995697395709E-002   221.51148501515706        4.2346997463207456E-002   4.2348815108614643E-002   4.2348816925348282E-002
 MPTS:           9
 NON-ORTHONORMAL OVERLAP MATRIX FOR SPIN:           1
 CALLING LOWDEN
 CALLING DIAGGE:        1350           5
  LOWDEN OVERLAP EIGENVALUES:
    0.724907        1.01741        1.04452        1.04452        1.16864    
 EVALOCC:
    1.174515    0.991408    0.978456    0.978455    0.925038
 ORTHOGONAL TRANSFORMATION
 ORTHONORMAL OVERLAP MATRIX FOR SPIN:           1
 NON-ORTHONORMAL OVERLAP MATRIX FOR SPIN:           2
 CALLING LOWDEN
 CALLING DIAGGE:        1350           4
  LOWDEN OVERLAP EIGENVALUES:
    0.343221       0.903242        1.36551        1.38803    
 EVALOCC:
    1.706919    1.052199    0.855762    0.848791
 ORTHOGONAL TRANSFORMATION
 ORTHONORMAL OVERLAP MATRIX FOR SPIN:           2
  FINISHED FRMIORB(1,1)
 ZPOT  created           1
 ZPOT  created           2
 ZPOT  created           3
 ZPOT  created           4
 ZPOT  created           5
TIME FOR SIC ORBITAL LOOP        1.460
         207 OPENING ZPOT0001    
         208 OPENING ZPOT0002    
         209 OPENING ZPOT0003    
         210 OPENING ZPOT0004    
         211 OPENING ZPOT0005    
 TIME FOR SIC MATRIX:           6   9.9999999999999645E-002
 SIC MATRIX FOR SPIN LSPN:           1
     -2.29434    -0.02149    -0.02148    -0.02148    -0.02149
     -0.01173    -0.40612    -0.02072    -0.01957    -0.01958
     -0.01174    -0.02072    -0.40618    -0.01957    -0.01957
     -0.01174    -0.01957    -0.01957    -0.40618    -0.02072
     -0.01173    -0.01958    -0.01957    -0.02072    -0.40612
 SICLAGM DONE           5           4           1
         207  CLOSED AND DELETED
         208  CLOSED AND DELETED
         209  CLOSED AND DELETED
         210  CLOSED AND DELETED
         211  CLOSED AND DELETED
 TIME FOR SICLAGM:  0.12000000000000011     
 ORBITAL SIC:   1.000000   1.000000   0.999999  -2.748182  -0.338050  -2.362079  -0.048054   0.000000   0.000000
 ORBITAL SIC:   2.000000   1.000000   0.961666  -0.535694  -0.032475  -0.475146  -0.028072   0.000000   0.000000
 ORBITAL SIC:   3.000000   1.000000   1.042519  -0.535766  -0.032491  -0.475202  -0.028073   0.000000   0.000000
 ORBITAL SIC:   4.000000   1.000000   0.990727  -0.535766  -0.032491  -0.475202  -0.028073   0.000000   0.000000
 ORBITAL SIC:   5.000000   1.000000   1.005142  -0.535693  -0.032475  -0.475146  -0.028072   0.000000   0.000000
  CALLING FRMORB2(0,0)
 TIME in 1000 LOOP:   0.0000000000000000     
 CALLING DIAGGE:        1350           5
  LOWDEN OVERLAP EIGENVALUES:
    0.724907        1.01741        1.04452        1.04452        1.16864    
 Alan after LOWSIC
 FILO
 -0.61648024784078137      -0.39380662167397823      -0.39356371565048504      -0.39356347430043198      -0.39380685896496842     
