 MPI: Number of worker processes=           3
 No input specified. Running in old mode.
CHECK_INPUTS: FILE NRLMOL_INPUT.DAT DOES NOT EXIST WILL CREATE A DEFAULT ONE
         0.0000000000        0.0000000000        0.0000000000  1
         0.9000000000        0.9000000000        0.9000000000  1
        -0.9000000000       -0.9000000000        0.9000000000  1
        -0.9000000000        0.9000000000       -0.9000000000  1
         0.9000000000       -0.9000000000       -0.9000000000  1
           1           1           1
           2           1           1
           3           1           1
           4           1           1
           5           1           1
 **************************************************************** 
*      ___       ___       ___       ___       ___       ___     *
*     /\  \     /\__\     /\  \     /\  \     /\  \     /\  \    *
*    /::\  \   /:/  /    /::\  \   /::\  \   _\:\  \   /::\  \   *
*   /::\:\__\ /:/__/    /:/\:\__\ /\:\:\__\ /\/::\__\ /:/\:\__\  *
*   \/\:\/__/ \:\  \    \:\/:/  / \:\:\/__/ \::/\/__/ \:\ \/__/  *
*      \/__/   \:\__\    \::/  /   \::/  /   \:\__\    \:\__\    *
*               \/__/     \/__/     \/__/     \/__/     \/__/    *
*                  FLOSIC Public Release 2020                    *
* For published work employing this software, please cite        *
* these articles where it is relevant to your use. BibTex        *
* citations available in /doc/references/bib                     *
*                                                                *
* This software:                                                 *
* R. R. Zope, Y. Yamamoto, L. Basurto, C. M. Diaz, T. Baruah and *
* K. A. Jackson, FLOSIC software, https://flosic.org/, based on  *
* the NRLMOL code of M. R. Pederson.                             *
*                                                                *
* Parallelization:                                               *
* Y. Yamamoto, L. Basurto, C. M. Diaz, R. R. Zope, and T. Baruah,*
* “Self-interaction correction to density functional             *
* approximations using Fermi-Loewdin orbitals: Methodology and   *
* parallelization” (unpublished).                                *
*                                                                *
* UTEP NRLMOL:                                                   *
* C. M. Diaz, L. Basurto, Y. Yamamoto, T. Baruah, and R. R. Zope,*
* UTEP-NRLMOL code (unpublished).                                *
*                                                                *
* NRLMOL basis:                                                  *
* D. Porezag and M. R. Pederson, Phys. Rev. A: At. Mol. Opt.     *
* Phys. 60, 2840 (1999).                                         *
*                                                                *
* Variational mesh:                                              *
* M. R. Pederson and K. A. Jackson, Phys. Rev. B: Condens.       *
* Matter Mater. Phys. 41, 7453 (1990).                           *
*                                                                *
* FLOSIC and FLOSIC algorithm:                                   *
* M. R. Pederson, A. Ruzsinszky, and J. P. Perdew, J. Chem. Phys.*
* 140, 121103 (2014); Z. Yang, M. R. Pederson, and J. P. Perdew, *
* Phys. Rev. A 95, 052505 (2017).                                *
*                                                                *
* FLOSIC-SCAN/-rSCAN, FLOSIC-libxc, or integration by parts:     *
* Y. Yamamoto, C. M. Diaz, L. Basurto, K. A. Jackson, T. Baruah  *
* and R. R. Zope, J. Chem. Phys. 151, 154105 (2019); Y. Yamamoto,*
* A. Salcedo, C. M. Diaz, M. S. Alam, T. Baruah and R. R. Zope,  *
* Phys. Chem. Chem. Phys. 22, 18060 (2020).                      *
*                                                                *
* ADSIC, Slater averaging of SIC potential, FLOSIC-KLI:          *
* C. M. Diaz, T. Baruah, and R. R. Zope, Phys. Rev. A 103, 042811*
* (2021); C. M. Diaz, P. Suryanarayana, Q. Xu, T. Baruah, J. E.  *
* Pask, and R. R. Zope, J. Chem. Phys. 154, 084112 (2021).       *
 **************************************************************** 
FLOSIC software is based on NRLMOL
NRLMOL version 12/23/2013 
 
Copyright by Mark R. Pederson, Koblar A. Jackson, Dirk V. Porezag,
and David C. Patton, 1988-2001
 
Permission to use, copy, and distribute this software can only be
granted by the authors. Please contact nrlmol@dave.nrl.navy.mil
for questions, updates, modifications, and bug reports.
 
If you use this program please cite the following articles:
 
* M. R. Pederson and K. A. Jackson, Phys. Rev. B. 41, 7453 (1990)
* K. A. Jackson and M. R. Pederson, Phys. Rev. B. 42, 3276 (1990)
* M. R. Pederson and K. A. Jackson, Phys. Rev. B. 43, 7312 (1991)
* A. A. Quong, M. R. Pederson, and J. L. Feldman,
  Solid State Commun. 87, 535 (1993)
* D. V. Porezag and M. R. Pederson, Phys. Rev. B. 54, 7830 (1996)
* D. V. Porezag, PhD thesis: http://archiv.tu-chemnitz.de/pub/1997/0025
* A. Briley, M. R. Pederson, K. A. Jackson, D. C. Patton, and
  D. V. Porezag,Phys. Rev. B. 58, 1786 (1998)
 
MPI VERSION
CALCULATION OF SIC MATRIX IN GROUPS



GLOBAL AWAKENING ON:
Thu Jun  5 05:17:21 PM EDT 2025
CPU NODE:
lac-318
Linux lac-318 5.15.0-126-generic #136-Ubuntu SMP Wed Nov 6 10:38:22 UTC 2024 x86_64 x86_64 x86_64 GNU/Linux
 SCF calculation
 
 LIST OF PARAMETERS USED FOR THIS ADVENTURE
 MXSPN=(           2 )
 MAX_PTS=(     1000000 )
 MAX_FUSET=(          12 )
 MAX_IDENT=(          65 )
 MX_CNT=(MX_CNT)
 MXATMS=(          80 )
 MX_CNT=(          80 )
 NMUPMAX=(           7 )
 MAX_BARE=(          25 )
 MAX_CON=(          25 )
 MAX_OCC=(        1100 )
 MAXUNSYM=(          70 )
 NDH=(        1350 )
 NDH_TOT=(      911925 )
 MX_GRP=(          24 )
 MAX_REP=(          10 )
 MAXSLC=(         350 )
 LOCMAX=(         360 )
 ISMAX=(          32 )
 MAXSYMSALC=(          32 )
 MXRPSP=(         100 )
 MXPTAB=(         100 )
 MXLPSP=(           2 )
 MXKPT=(           1 )
 MPBLOCK=(         100 )
 MPBLOCKXC=(        1000 )
 MXPOISS=(         100 )
 NSPEED=(          25 )
 LDIM=(           3 )
 CUTEXP=(   40.000000000000000      )
 MX_SPH=(        5300 )
 MAX_VIRT_PER_SYM=(        2100 )
 MAXGFIT=(          15 )
 MAXLSQF=(          50 )
 MTEMP=(      147000 )
 KRHOG=(          10 )
 C   DONE....
RELAXATION MODE: SCF-ONLY                           
FUNC2NUM: functional string: LDA-PW91
FUNC2NUM: func_id:  -1
 LDA-PW91*LDA-PW91        (DF TYPE E is not libxc FUNCTIONAL TYPE
EXCHANGE    FUNCTIONAL: LDA
CORRELATION FUNCTIONAL: LDA PERDEW-WANG 91           
READING AND ANALYZING GROUP MATRICES
DETERMINING SYMMETRY GROUP
NUMBER OF REPRESENTATIONS:  1
DIMENSIONS: 1
 CHARACTERS OF SYMMETRY OPERATIONS IN GRPMAT:
IRREP 1:  1.0
CHECKING GREAT ORTHOGONALITY THEOREM
CHECKING MULTIPLICATION TABLE
REPRESENTATION  1 IS OK
CHECKING GROUP REPRESENTATION
GROUP REPRESENTATION IS OK
CHECKING S REPRESENTATION
S REPRESENTATION IS OK
CHECKING P REPRESENTATION
P REPRESENTATION IS OK
CHECKING D REPRESENTATION:
D REPRESENTATION IS OK
TOTAL NUMBER OF FAILED TESTS:   0
READING ATOMIC AND BASIS SET DATA
SCF FOR ATOM TYPE   1 SUCCESSFUL, EIGENVALUES: 
    -24.18903     -1.08668      0.11374      1.19074      9.71050
     -0.41543      0.19822      1.07445      4.12449
      0.68792      2.34866      6.26149
CHARGE ERROR IN DENSITY FIT:   0.00638332 (CORRECTED)
POTENTIAL AND DENSITY FITS ARE OK
TESTING BASIS SET
 TESTBAS: back from OVERLAP. TIME:   0.0000000000000000     
 TESTBAS: pre-diag time   0.0000000000000000     
 TESTBAS:diag time   1.0000000000000009E-002
 
CREATING VARIATIONAL INTEGRATION MESH
ORIGINAL IDENTITY MEMBERS:
ATOM   1:     0.000000     0.000000     0.000000, Z=    9.00000
INFINITY RADIUS IS:       10.61
 
NUMBER OF UNIQUE ATOMS:     1
COORDINATES OF ATOMIC CUBES:
        0.000000        0.000000        0.000000
 
THE CAKE WILL BE SLICED RIGHT NOW !
CHECKING IF ADJACENT ATOMS ARE TOO CLOSE TO ATOMIC CUBES
REMOVING SYMMETRY-EQUIVALENT BOXES
CHECKING FOR REDUCIBLE BOXES
 
FINAL BOX SET:
BOX     1, MULTIPLICITY:   1, IDENTITY MEMBER:   1
CENTER     0.000000     0.000000     0.000000
SIZE      21.210353    21.210353    21.210353
LOWEST LDA POTENTIAL FOR INTERSTITIAL REGIONS:      0.00000
TOTAL VOLUME:   0.954209342010D+04, CORRECT:   0.954209342010D+04
 
ASSIGNING POINTS TO CUBES THAT CONTAIN ATOMS
NUMBER OF POINTS FOR ATOMIC CUBES:      21140
ASSIGNING POINTS TO INTERSTITIAL BOXES
TOTAL NUMBER OF MESH POINTS:            21140
REORDERING MESH POINTS
TOTAL NUMBER OF SPHERES:   232
SPHERE INFORMATION: RADIUS, VOLUME, NUMBER OF POINTS, POINT DENSITY
MINIMUM:      0.558      0.726        2      0.005
MAXIMUM:      4.460    371.634     2363   3255.503
AVERAGE:      2.038    102.520       91    105.293
WORST ASPECT RATIO:      1.000 : 1
 
TEST INTEGRATION FOR BARE GAUSSIANS
 
 ID-MEM   BEST ALPHA   BEST ERROR   WORST ALPHA  WORST ERROR
------------------------------------------------------------
    1      0.11E+05     0.29E-10      0.33E+05     0.34E-07
 
TIME IN OVERNUM:      0.0700
 DIAGGE3:Calling DSPGVD
LARGEST S-DIAGONAL ERROR:   0.2792D-07
LARGEST S-GENERAL  ERROR:   0.2792D-07
LARGEST S-EIGEN    ERROR:   0.1637D-05
TIME FOR CONSTRUCTION OF VARIATIONAL MESH:          0.130
TIME FOR MESH REORDERING:                           0.010
TIME FOR MESH READING / TESTING + WRITING:          0.090
 NMSH is        21140
 TRACER:CALLING GLOBAL_CALL(64)
 allocating sic matrix        1100        1100           1
 
ITERATION   1
=============
 CALLING SCFSICw
 MIXING           2  0:POTENTIAL,1:DENMAT,2:HAMILT
USING O(N)/PARALLEL HAMILTONIAN ROUTINE
TIME FOR POTENTIAL MATRIX ELEMENTS:                 0.000
CONSTRUCTING NEW WAVEFUNCTIONS
SPIN 1:
 CALLING DIAGGE SIC
   36    1  -24.189207    1.000000    5.000000    1.000000
   36    2   -1.086606    1.000000    5.000000    2.000000
   36    3   -0.415378    1.000000    5.000000    3.000000
   36    4   -0.415378    1.000000    5.000000    4.000000
   36    5   -0.415378    1.000000    5.000000    5.000000
STATE    1, EV=      -24.189207, OCCUP=     2.000000
STATE    2, EV=       -1.086606, OCCUP=     2.000000
STATE    3, EV=       -0.415378, OCCUP=     2.000000
STATE    4, EV=       -0.415378, OCCUP=     2.000000
STATE    5, EV=       -0.415378, OCCUP=     2.000000
STATE    6, EV=        0.078014, OCCUP=     0.000000
STATE    7, EV=        0.198056, OCCUP=     0.000000
STATE    8, EV=        0.198056, OCCUP=     0.000000
STATE    9, EV=        0.198056, OCCUP=     0.000000
STATE   10, EV=        0.670532, OCCUP=     0.000000
STATE   11, EV=        0.687999, OCCUP=     0.000000
STATE   12, EV=        0.687999, OCCUP=     0.000000
STATE   13, EV=        0.687999, OCCUP=     0.000000
STATE   14, EV=        0.687999, OCCUP=     0.000000
STATE   15, EV=        0.687999, OCCUP=     0.000000
STATE   16, EV=        1.073229, OCCUP=     0.000000
STATE   17, EV=        1.073229, OCCUP=     0.000000
STATE   18, EV=        1.073229, OCCUP=     0.000000
STATE   19, EV=        1.959382, OCCUP=     0.000000
STATE   20, EV=        2.349849, OCCUP=     0.000000
STATE   21, EV=        2.349849, OCCUP=     0.000000
STATE   22, EV=        2.349849, OCCUP=     0.000000
STATE   23, EV=        2.349849, OCCUP=     0.000000
STATE   24, EV=        2.349849, OCCUP=     0.000000
STATE   25, EV=        4.124609, OCCUP=     0.000000
STATE   26, EV=        4.124609, OCCUP=     0.000000
STATE   27, EV=        4.124609, OCCUP=     0.000000
STATE   28, EV=        4.497313, OCCUP=     0.000000
STATE   29, EV=        6.261938, OCCUP=     0.000000
STATE   30, EV=        6.261938, OCCUP=     0.000000
STATE   31, EV=        6.261938, OCCUP=     0.000000
STATE   32, EV=        6.261938, OCCUP=     0.000000
STATE   33, EV=        6.261938, OCCUP=     0.000000
STATE   34, EV=       11.319511, OCCUP=     0.000000
STATE   35, EV=       59.440365, OCCUP=     0.000000
 ELECTRON :   5.0000000000000000        5.0000000000000000     
 ELECTRONS OF SPIN UP :    5.0000000000000000     
 ELECTRONS OF SPIN DN :    5.0000000000000000     
TIME FOR CONSTRUCTION OF NEW WAVEFUNCTIONS:         0.040
TRACE OF HAMILTONIAN:         -53.043896
  CALLING FRMORB2(0,0)
 TIME in 1000 LOOP:   0.0000000000000000     
 CALLING DIAGGE:        1350           5
  LOWDEN OVERLAP EIGENVALUES:
    0.746500        1.01908        1.01908        1.01908        1.19627    
 Alan after LOWSIC
 FILO
 -0.66058578655730860      -0.37537528529870273      -0.37537528486143212      -0.37537528530049763      -0.37537528486322663     
  -4.9136080538519404E-012   1.4518374146312851E-003 -0.70855558075178182        1.4517231097724292E-003  0.70565202022926232     
   8.4639213355780782E-010 -0.50204843439291136       0.49794266671827703      -0.49794313707033488       0.50204890442034755     
   4.9141724811303143E-012  0.70565236609294535        1.4455329486641913E-003 -0.70855523766750683        1.4573386240118592E-003
  0.75075057016192948      -0.33029289290884473      -0.33029289365151204      -0.33029289290579555      -0.33029289364846481     
 Alan after LOWSIC
 FILO
 -0.66058578655730860      -0.37537528529870273      -0.37537528486143212      -0.37537528530049763      -0.37537528486322663     
  -4.9136080538519404E-012   1.4518374146312851E-003 -0.70855558075178182        1.4517231097724292E-003  0.70565202022926232     
   8.4639213355780782E-010 -0.50204843439291136       0.49794266671827703      -0.49794313707033488       0.50204890442034755     
   4.9141724811303143E-012  0.70565236609294535        1.4455329486641913E-003 -0.70855523766750683        1.4573386240118592E-003
  0.75075057016192948      -0.33029289290884473      -0.33029289365151204      -0.33029289290579555      -0.33029289364846481     
 BACK FROM LOWSIC
  CALLING FRMIORB(1,1)
 MORB(1), MORB(2):           5           5
 RHOG:   218.84919940826757        4.1924837771756158E-002   4.1924837756676533E-002   4.1924837771818074E-002   4.1924837756738442E-002  0.32969126241283037       0.32969126241283037       0.69052126718994344       0.27979510915933858       0.27979510915933858     
 MPTS:           5
 NON-ORTHONORMAL OVERLAP MATRIX FOR SPIN:           1
 CALLING LOWDEN
 CALLING DIAGGE:        1350           5
  LOWDEN OVERLAP EIGENVALUES:
    0.746500        1.01908        1.01908        1.01908        1.19627    
 EVALOCC:
    1.157404    0.990595    0.990595    0.990595    0.914294
 ORTHOGONAL TRANSFORMATION
 ORTHONORMAL OVERLAP MATRIX FOR SPIN:           1
  FINISHED FRMIORB(1,1)
 ZPOT  created           1
 ZPOT  created           2
 ZPOT  created           3
 ZPOT  created           4
 ZPOT  created           5
TIME FOR SIC ORBITAL LOOP        1.330
         207 OPENING ZPOT0001    
         208 OPENING ZPOT0002    
         209 OPENING ZPOT0003    
         210 OPENING ZPOT0004    
         211 OPENING ZPOT0005    
 TIME FOR SIC MATRIX:           6   8.9999999999999858E-002
 SIC MATRIX FOR SPIN LSPN:           1
     -2.27739    -0.02048    -0.02048    -0.02048    -0.02048
     -0.01125    -0.38969    -0.01975    -0.01975    -0.01975
     -0.01125    -0.01975    -0.38969    -0.01975    -0.01975
     -0.01125    -0.01975    -0.01975    -0.38969    -0.01975
     -0.01125    -0.01975    -0.01975    -0.01975    -0.38969
 SICLAGM DONE           5           0           1
         207  CLOSED AND DELETED
         208  CLOSED AND DELETED
         209  CLOSED AND DELETED
         210  CLOSED AND DELETED
         211  CLOSED AND DELETED
 TIME FOR SICLAGM:  0.10999999999999988     
 ORBITAL SIC:   1.000000   1.000000   1.000000  -2.728917  -0.669996  -2.345971  -0.047948   0.000000   0.000000
 ORBITAL SIC:   2.000000   1.000000   0.961664  -0.517071  -0.059099  -0.459871  -0.027650   0.000000   0.000000
 ORBITAL SIC:   3.000000   1.000000   1.042758  -0.517071  -0.059099  -0.459871  -0.027650   0.000000   0.000000
 ORBITAL SIC:   4.000000   1.000000   0.990554  -0.517071  -0.059099  -0.459871  -0.027650   0.000000   0.000000
 ORBITAL SIC:   5.000000   1.000000   1.005025  -0.517071  -0.059099  -0.459871  -0.027650   0.000000   0.000000
 FLO    Charge     Asymp      E_COUL     E_SIC      EXlocal    EClocal    EXnonl     ECnonl      XC/H
  1.   1.000000   1.000000  -2.728917  -0.669996  -2.345971  -0.047948   0.000000   0.000000   0.877241
  2.   1.000000   0.961664  -0.517071  -0.059099  -0.459871  -0.027650   0.000000   0.000000   0.942852
  3.   1.000000   1.042758  -0.517071  -0.059099  -0.459871  -0.027650   0.000000   0.000000   0.942852
  4.   1.000000   0.990554  -0.517071  -0.059099  -0.459871  -0.027650   0.000000   0.000000   0.942852
  5.   1.000000   1.005025  -0.517071  -0.059099  -0.459871  -0.027650   0.000000   0.000000   0.942852
 MAIN : ZSIC = -0.90639394162448828     
 MAIN TIME FOR SIC :   1.4700000000000000     
CALCULATING KOHN-SHAM POTENTIAL ON MESH POINTS
NUMBER OF POINTS IN COUPOT:      21140
LONG  CHARGE IN COUPOT:        10.000000
TOTAL CHARGE IN COUPOT:        10.000000
TIME FOR COULOMB POTENTIAL,NMSH:       0.100     21140
 TOTAL TIME FOR LSD COUL  0.10000000000000009     
TOTAL CHARGE IN APOTNL:         9.999999989950
DIPOLE MOMENT:  -0.819819877216D-15  -0.434597309095D-14  -0.244252633709D-14
TIME FOR EXCHANGE-CORRELATION:                      0.010
TIME FOR REDUCED DERIVATIVES OF RHO:                 0.000
TIME FOR GORBDRV EXECUTION:                          0.000
TIME FOR COULOMB POTENTIAL + RHO AND RHODRV:         0.100
TIME FOR COMPLETE APOTNL EXECUTION:                  0.410
================================================
TOTAL ENERGY:                         -99.102612
CONTRIBUTIONS:
NUCLEAR REPULSION:                      0.000000
LOCAL POTENTIAL:                     -249.142103
MEAN-FIELD COULOMB:                    58.476538
KINETIC+NONLOCAL POTENTIAL:           102.050886
EXCHANGE-CORRELATION:                 -10.487933
EXTERNAL ELECTRIC FIELD:                0.000000
SELF-INTERACTION ENERGY:               -0.906394
TOTAL ENERGY + SIC ENERGY:           -100.009006
================================================
 TIME FOR ITERATION:   1.9299999999999999     
 
ITERATION   2
=============
 CALLING SCFSICw
 MIXING           2  0:POTENTIAL,1:DENMAT,2:HAMILT
USING O(N)/PARALLEL HAMILTONIAN ROUTINE
 NMSH:       21140  IN NUMHAM
TIME IN OVERNUM:      0.0800
TIME FOR POTENTIAL MATRIX ELEMENTS:                 0.080
 after normh 1
CONSTRUCTING NEW WAVEFUNCTIONS
SPIN 1:
 CALLING DIAGV
 DFA-SIC MATRIX:
 diagv hamiltonian error:   3.3015489158104936        3.7128853697093049     
 NFRM,NDH           5          35
TIME FOR DIAGGE        0.000
 TRACER:ITER=           2
TIME FOR DIAGV DIAGONALIZATION        0.000
 NEW ORBITALS:
 "Diagonalized Matrix:"
 BACKROTATION: O(N^3)          35
 IS IT OK?           0
 OPTIMIZED MOMENT  MODE :
   36    1  -25.207871    1.000000    5.000000    1.000000
   36    2   -0.725105    1.000000    5.000000    2.000000
   36    4   -0.005554    1.000000    5.000000    3.000000
   36    5   -0.005554    1.000000    5.000000    4.000000
   36    3   -0.005554    1.000000    5.000000    5.000000
STATE    1, EV=      -25.207871, OCCUP=     2.000000
STATE    2, EV=       -0.725105, OCCUP=     2.000000
STATE    3, EV=       -0.005554, OCCUP=     2.000000
STATE    4, EV=       -0.005554, OCCUP=     2.000000
STATE    5, EV=       -0.005554, OCCUP=     2.000000
STATE    6, EV=        0.382307, OCCUP=     0.000000
STATE    7, EV=        0.538750, OCCUP=     0.000000
STATE    8, EV=        0.538750, OCCUP=     0.000000
STATE    9, EV=        0.538750, OCCUP=     0.000000
STATE   10, EV=        1.064611, OCCUP=     0.000000
STATE   11, EV=        1.109413, OCCUP=     0.000000
STATE   12, EV=        1.109413, OCCUP=     0.000000
STATE   13, EV=        1.109415, OCCUP=     0.000000
STATE   14, EV=        1.109415, OCCUP=     0.000000
STATE   15, EV=        1.109415, OCCUP=     0.000000
STATE   16, EV=        1.621860, OCCUP=     0.000000
STATE   17, EV=        1.621860, OCCUP=     0.000000
STATE   18, EV=        1.621860, OCCUP=     0.000000
STATE   19, EV=        2.448404, OCCUP=     0.000000
STATE   20, EV=        2.970893, OCCUP=     0.000000
STATE   21, EV=        2.970893, OCCUP=     0.000000
STATE   22, EV=        2.970897, OCCUP=     0.000000
STATE   23, EV=        2.970897, OCCUP=     0.000000
STATE   24, EV=        2.970897, OCCUP=     0.000000
STATE   25, EV=        4.949550, OCCUP=     0.000000
STATE   26, EV=        4.949550, OCCUP=     0.000000
STATE   27, EV=        4.949550, OCCUP=     0.000000
STATE   28, EV=        5.128077, OCCUP=     0.000000
STATE   29, EV=        7.073076, OCCUP=     0.000000
STATE   30, EV=        7.073076, OCCUP=     0.000000
STATE   31, EV=        7.073076, OCCUP=     0.000000
STATE   32, EV=        7.073076, OCCUP=     0.000000
STATE   33, EV=        7.073076, OCCUP=     0.000000
STATE   34, EV=       12.192689, OCCUP=     0.000000
STATE   35, EV=       60.534530, OCCUP=     0.000000
 ELECTRON :   5.0000000000000000        5.0000000000000000     
 ELECTRONS OF SPIN UP :    5.0000000000000000     
 ELECTRONS OF SPIN DN :    5.0000000000000000     
TIME FOR CONSTRUCTION OF NEW WAVEFUNCTIONS:         0.030
TRACE OF HAMILTONIAN:         -51.899277
  CALLING FRMORB2(0,0)
 TIME in 1000 LOOP:   1.0000000000000231E-002
 CALLING DIAGGE:        1350           5
  LOWDEN OVERLAP EIGENVALUES:
    0.753183        1.02744        1.02744        1.02744        1.16449    
 Alan after LOWSIC
 FILO
 -0.63239335932510166      -0.38732371446288455      -0.38732371427228030      -0.38732371438868185      -0.38732371465050575     
   3.6425643223219223E-010  -4.1653178060150599E-002  0.79010312996585996      -0.59091991295567214      -0.15753003919285286     
  -4.0178926447335147E-010  0.77181563455783120      -0.33703768439987025      -0.53059042184218808        9.5812472026319359E-002
  -6.3161271408247364E-010 -0.39059651694404085      -0.11019366193819562      -0.34538016824401563       0.84617034762721977     
  0.77464742888717608      -0.31619667957687181      -0.31619668015888519      -0.31619667989667455      -0.31619667901777193     
 Alan after LOWSIC
 FILO
 -0.63239335932510166      -0.38732371446288455      -0.38732371427228030      -0.38732371438868185      -0.38732371465050575     
   3.6425643223219223E-010  -4.1653178060150599E-002  0.79010312996585996      -0.59091991295567214      -0.15753003919285286     
  -4.0178926447335147E-010  0.77181563455783120      -0.33703768439987025      -0.53059042184218808        9.5812472026319359E-002
  -6.3161271408247364E-010 -0.39059651694404085      -0.11019366193819562      -0.34538016824401563       0.84617034762721977     
  0.77464742888717608      -0.31619667957687181      -0.31619668015888519      -0.31619667989667455      -0.31619667901777193     
 BACK FROM LOWSIC
  CALLING FRMIORB(1,1)
 MORB(1), MORB(2):           5           5
 RHOG:   219.49235528307622        4.9451656954976310E-002   4.9451656958493795E-002   4.9451656961512942E-002   4.9451656952279141E-002   4.0809881453095592E-013   4.0809881453095607E-013   4.0809881453095496E-013   4.0809881453095708E-013   1.4074624793386793E-008
 MPTS:           5
 NON-ORTHONORMAL OVERLAP MATRIX FOR SPIN:           1
 CALLING LOWDEN
 CALLING DIAGGE:        1350           5
  LOWDEN OVERLAP EIGENVALUES:
    0.753183        1.02744        1.02744        1.02744        1.16449    
 EVALOCC:
    1.152258    0.986555    0.986555    0.986555    0.926685
 ORTHOGONAL TRANSFORMATION
 ORTHONORMAL OVERLAP MATRIX FOR SPIN:           1
  FINISHED FRMIORB(1,1)
 ZPOT  created           1
 ZPOT  created           2
 ZPOT  created           3
 ZPOT  created           4
 ZPOT  created           5
TIME FOR SIC ORBITAL LOOP        1.100
         207 OPENING ZPOT0001    
         208 OPENING ZPOT0002    
         209 OPENING ZPOT0003    
         210 OPENING ZPOT0004    
         211 OPENING ZPOT0005    
 TIME FOR SIC MATRIX:           6   9.0000000000000302E-002
 SIC MATRIX FOR SPIN LSPN:           1
     -2.28254    -0.02180    -0.02180    -0.02180    -0.02180
     -0.00578    -0.31931    -0.01727    -0.01727    -0.01727
     -0.00578    -0.01727    -0.31931    -0.01727    -0.01727
     -0.00578    -0.01727    -0.01727    -0.31931    -0.01727
     -0.00578    -0.01727    -0.01727    -0.01727    -0.31931
 SICLAGM DONE           5           0           1
         207  CLOSED AND DELETED
         208  CLOSED AND DELETED
         209  CLOSED AND DELETED
         210  CLOSED AND DELETED
         211  CLOSED AND DELETED
 TIME FOR SICLAGM:  0.10000000000000009     
 ORBITAL SIC:   1.000000   1.000000   1.000000  -2.734440  -0.672175  -2.350371  -0.047981   0.000000   0.000000
 ORBITAL SIC:   2.000000   1.000000   0.957247  -0.433044  -0.038358  -0.388258  -0.025606   0.000000   0.000000
 ORBITAL SIC:   3.000000   1.000000   1.050300  -0.433044  -0.038358  -0.388258  -0.025606   0.000000   0.000000
 ORBITAL SIC:   4.000000   1.000000   0.987937  -0.433044  -0.038358  -0.388258  -0.025606   0.000000   0.000000
 ORBITAL SIC:   5.000000   1.000000   1.004517  -0.433044  -0.038358  -0.388258  -0.025606   0.000000   0.000000
 FLO    Charge     Asymp      E_COUL     E_SIC      EXlocal    EClocal    EXnonl     ECnonl      XC/H
  1.   1.000000   1.000000  -2.734440  -0.672175  -2.350371  -0.047981   0.000000   0.000000   0.877091
  2.   1.000000   0.957247  -0.433044  -0.038358  -0.388258  -0.025606   0.000000   0.000000   0.955711
  3.   1.000000   1.050300  -0.433044  -0.038358  -0.388258  -0.025606   0.000000   0.000000   0.955711
  4.   1.000000   0.987937  -0.433044  -0.038358  -0.388258  -0.025606   0.000000   0.000000   0.955711
  5.   1.000000   1.004517  -0.433044  -0.038358  -0.388258  -0.025606   0.000000   0.000000   0.955711
 MAIN : ZSIC = -0.82560875467921224     
 MAIN TIME FOR SIC :   2.7100000000000000     
CALCULATING KOHN-SHAM POTENTIAL ON MESH POINTS
NUMBER OF POINTS IN COUPOT:      21140
LONG  CHARGE IN COUPOT:        10.000000
TOTAL CHARGE IN COUPOT:        10.000000
TIME FOR COULOMB POTENTIAL,NMSH:       0.090     21140
 TOTAL TIME FOR LSD COUL   8.9999999999999858E-002
TOTAL CHARGE IN APOTNL:         9.999999986523
DIPOLE MOMENT:  -0.705192869840D-10   0.256291862368D-10  -0.252007454812D-10
TIME FOR EXCHANGE-CORRELATION:                      0.000
TIME FOR REDUCED DERIVATIVES OF RHO:                 0.000
TIME FOR GORBDRV EXECUTION:                          0.000
TIME FOR COULOMB POTENTIAL + RHO AND RHODRV:         0.090
TIME FOR COMPLETE APOTNL EXECUTION:                  0.340
================================================
TOTAL ENERGY:                         -99.134531
CONTRIBUTIONS:
NUCLEAR REPULSION:                      0.000000
LOCAL POTENTIAL:                     -236.917828
MEAN-FIELD COULOMB:                    51.235185
KINETIC+NONLOCAL POTENTIAL:            96.157863
EXCHANGE-CORRELATION:                  -9.609752
EXTERNAL ELECTRIC FIELD:                0.000000
SELF-INTERACTION ENERGY:               -0.825609
TOTAL ENERGY + SIC ENERGY:            -99.960140
================================================
 TIME FOR ITERATION:   1.6899999999999999     
 
ITERATION   3
=============
 CALLING SCFSICw
 MIXING           2  0:POTENTIAL,1:DENMAT,2:HAMILT
USING O(N)/PARALLEL HAMILTONIAN ROUTINE
 NMSH:       21140  IN NUMHAM
TIME IN OVERNUM:      0.0800
TIME FOR POTENTIAL MATRIX ELEMENTS:                 0.080
BROYDEN MIXING OF HAMILTONIAN
 hammix writing           2
CONSTRUCTING NEW WAVEFUNCTIONS
SPIN 1:
 CALLING DIAGV
 DFA-SIC MATRIX:
 diagv hamiltonian error:   1.4264992346618637       0.41451275439332846     
 NFRM,NDH           5          35
TIME FOR DIAGGE        0.000
 TRACER:ITER=           2
TIME FOR DIAGV DIAGONALIZATION        0.000
 NEW ORBITALS:
 "Diagonalized Matrix:"
 BACKROTATION: O(N^3)          35
 IS IT OK?           0
 OPTIMIZED MOMENT  MODE :
   36    1  -25.407361    1.000000    5.000000    1.000000
   36    2   -0.737508    1.000000    5.000000    2.000000
   36    3   -0.032159    1.000000    5.000000    3.000000
   36    4   -0.032159    1.000000    5.000000    4.000000
   36    5   -0.032159    1.000000    5.000000    5.000000
STATE    1, EV=      -25.407361, OCCUP=     2.000000
STATE    2, EV=       -0.737508, OCCUP=     2.000000
STATE    3, EV=       -0.032159, OCCUP=     2.000000
STATE    4, EV=       -0.032159, OCCUP=     2.000000
STATE    5, EV=       -0.032159, OCCUP=     2.000000
STATE    6, EV=        0.372602, OCCUP=     0.000000
STATE    7, EV=        0.535175, OCCUP=     0.000000
STATE    8, EV=        0.535175, OCCUP=     0.000000
STATE    9, EV=        0.535175, OCCUP=     0.000000
STATE   10, EV=        1.043630, OCCUP=     0.000000
STATE   11, EV=        1.091138, OCCUP=     0.000000
STATE   12, EV=        1.091138, OCCUP=     0.000000
STATE   13, EV=        1.091138, OCCUP=     0.000000
STATE   14, EV=        1.091354, OCCUP=     0.000000
STATE   15, EV=        1.091354, OCCUP=     0.000000
STATE   16, EV=        1.579652, OCCUP=     0.000000
STATE   17, EV=        1.579652, OCCUP=     0.000000
STATE   18, EV=        1.579652, OCCUP=     0.000000
STATE   19, EV=        2.413753, OCCUP=     0.000000
STATE   20, EV=        2.923635, OCCUP=     0.000000
STATE   21, EV=        2.923635, OCCUP=     0.000000
STATE   22, EV=        2.923635, OCCUP=     0.000000
STATE   23, EV=        2.923780, OCCUP=     0.000000
STATE   24, EV=        2.923780, OCCUP=     0.000000
STATE   25, EV=        4.852664, OCCUP=     0.000000
STATE   26, EV=        4.852664, OCCUP=     0.000000
STATE   27, EV=        4.852664, OCCUP=     0.000000
STATE   28, EV=        5.071676, OCCUP=     0.000000
STATE   29, EV=        6.986684, OCCUP=     0.000000
STATE   30, EV=        6.986684, OCCUP=     0.000000
STATE   31, EV=        6.986684, OCCUP=     0.000000
STATE   32, EV=        6.986687, OCCUP=     0.000000
STATE   33, EV=        6.986687, OCCUP=     0.000000
STATE   34, EV=       12.088976, OCCUP=     0.000000
STATE   35, EV=       60.374171, OCCUP=     0.000000
 ELECTRON :   5.0000000000000000        5.0000000000000000     
 ELECTRONS OF SPIN UP :    5.0000000000000000     
 ELECTRONS OF SPIN DN :    5.0000000000000000     
TIME FOR CONSTRUCTION OF NEW WAVEFUNCTIONS:         0.020
TRACE OF HAMILTONIAN:         -52.482691
  CALLING FRMORB2(0,0)
 TIME in 1000 LOOP:   0.0000000000000000     
 CALLING DIAGGE:        1350           5
  LOWDEN OVERLAP EIGENVALUES:
    0.761114        1.02288        1.02288        1.02288        1.17025    
 Alan after LOWSIC
 FILO
 -0.64507031520968972      -0.38206160779432319      -0.38206160759615548      -0.38206160769152275      -0.38206160787770760     
   2.8566752076992237E-010  -2.7278999462172798E-002  0.78544055580230365      -0.59695059786598459      -0.16121095867450957     
  -4.4363406569412231E-010  0.73158876955405094      -0.35771086486725762      -0.55226652143562971       0.17838861712479748     
  -3.3876597958095065E-010 -0.46263779409793870       -7.1596580233830476E-002 -0.29774430796265011       0.83197868256756236     
  0.76412321547985440      -0.32253515742092781      -0.32253515801653110      -0.32253515779344816      -0.32253515718847214     
 Alan after LOWSIC
 FILO
 -0.64507031520968972      -0.38206160779432319      -0.38206160759615548      -0.38206160769152275      -0.38206160787770760     
   2.8566752076992237E-010  -2.7278999462172798E-002  0.78544055580230365      -0.59695059786598459      -0.16121095867450957     
  -4.4363406569412231E-010  0.73158876955405094      -0.35771086486725762      -0.55226652143562971       0.17838861712479748     
  -3.3876597958095065E-010 -0.46263779409793870       -7.1596580233830476E-002 -0.29774430796265011       0.83197868256756236     
  0.76412321547985440      -0.32253515742092781      -0.32253515801653110      -0.32253515779344816      -0.32253515718847214     
 BACK FROM LOWSIC
  CALLING FRMIORB(1,1)
 MORB(1), MORB(2):           5           5
 RHOG:   219.57048449601368        4.9103350280691120E-002   4.9103350284758068E-002   4.9103350285619872E-002   4.9103350279280832E-002   3.1652204663490628E-012   3.1652204654294541E-012   3.1652204659010540E-012   3.1652204653228617E-012   1.0903403587417178E-007
 MPTS:           5
 NON-ORTHONORMAL OVERLAP MATRIX FOR SPIN:           1
 CALLING LOWDEN
 CALLING DIAGGE:        1350           5
  LOWDEN OVERLAP EIGENVALUES:
    0.761114        1.02288        1.02288        1.02288        1.17025    
 EVALOCC:
    1.146239    0.988753    0.988753    0.988753    0.924403
 ORTHOGONAL TRANSFORMATION
 ORTHONORMAL OVERLAP MATRIX FOR SPIN:           1
  FINISHED FRMIORB(1,1)
 ZPOT  created           1
 ZPOT  created           2
 ZPOT  created           3
 ZPOT  created           4
 ZPOT  created           5
TIME FOR SIC ORBITAL LOOP        1.150
         207 OPENING ZPOT0001    
         208 OPENING ZPOT0002    
         209 OPENING ZPOT0003    
         210 OPENING ZPOT0004    
         211 OPENING ZPOT0005    
 TIME FOR SIC MATRIX:           6   8.0000000000000071E-002
 SIC MATRIX FOR SPIN LSPN:           1
     -2.28306    -0.02170    -0.02170    -0.02170    -0.02170
     -0.00512    -0.30555    -0.01683    -0.01683    -0.01683
     -0.00512    -0.01683    -0.30555    -0.01683    -0.01683
     -0.00512    -0.01683    -0.01683    -0.30555    -0.01683
     -0.00512    -0.01683    -0.01683    -0.01683    -0.30555
 SICLAGM DONE           5           0           1
         207  CLOSED AND DELETED
         208  CLOSED AND DELETED
         209  CLOSED AND DELETED
         210  CLOSED AND DELETED
         211  CLOSED AND DELETED
 TIME FOR SICLAGM:  0.10000000000000053     
 ORBITAL SIC:   1.000000   1.000000   1.000000  -2.734966  -0.672426  -2.350769  -0.047984   0.000000   0.000000
 ORBITAL SIC:   2.000000   1.000000   0.956555  -0.417463  -0.033458  -0.375538  -0.025196   0.000000   0.000000
 ORBITAL SIC:   3.000000   1.000000   1.051873  -0.417463  -0.033458  -0.375538  -0.025196   0.000000   0.000000
 ORBITAL SIC:   4.000000   1.000000   0.987300  -0.417463  -0.033458  -0.375538  -0.025196   0.000000   0.000000
 ORBITAL SIC:   5.000000   1.000000   1.004273  -0.417463  -0.033458  -0.375538  -0.025196   0.000000   0.000000
 FLO    Charge     Asymp      E_COUL     E_SIC      EXlocal    EClocal    EXnonl     ECnonl      XC/H
  1.   1.000000   1.000000  -2.734966  -0.672426  -2.350769  -0.047984   0.000000   0.000000   0.877069
  2.   1.000000   0.956555  -0.417463  -0.033458  -0.375538  -0.025196   0.000000   0.000000   0.959927
  3.   1.000000   1.051873  -0.417463  -0.033458  -0.375538  -0.025196   0.000000   0.000000   0.959927
  4.   1.000000   0.987300  -0.417463  -0.033458  -0.375538  -0.025196   0.000000   0.000000   0.959927
  5.   1.000000   1.004273  -0.417463  -0.033458  -0.375538  -0.025196   0.000000   0.000000   0.959927
 MAIN : ZSIC = -0.80625906416796644     
 MAIN TIME FOR SIC :   3.9999999999999996     
CALCULATING KOHN-SHAM POTENTIAL ON MESH POINTS
NUMBER OF POINTS IN COUPOT:      21140
LONG  CHARGE IN COUPOT:        10.000000
TOTAL CHARGE IN COUPOT:        10.000000
TIME FOR COULOMB POTENTIAL,NMSH:       0.100     21140
 TOTAL TIME FOR LSD COUL   9.9999999999999645E-002
TOTAL CHARGE IN APOTNL:         9.999999985989
DIPOLE MOMENT:  -0.150210412146D-09   0.223445629495D-10   0.267028440967D-10
TIME FOR EXCHANGE-CORRELATION:                      0.010
TIME FOR REDUCED DERIVATIVES OF RHO:                 0.000
TIME FOR GORBDRV EXECUTION:                          0.000
TIME FOR COULOMB POTENTIAL + RHO AND RHODRV:         0.100
TIME FOR COMPLETE APOTNL EXECUTION:                  0.330
================================================
TOTAL ENERGY:                         -99.051729
CONTRIBUTIONS:
NUCLEAR REPULSION:                      0.000000
LOCAL POTENTIAL:                     -235.003210
MEAN-FIELD COULOMB:                    50.013696
KINETIC+NONLOCAL POTENTIAL:            95.402221
EXCHANGE-CORRELATION:                  -9.464436
EXTERNAL ELECTRIC FIELD:                0.000000
SELF-INTERACTION ENERGY:               -0.806259
TOTAL ENERGY + SIC ENERGY:            -99.857988
================================================
 TIME FOR ITERATION:   1.7200000000000002     
 
ITERATION   4
=============
 CALLING SCFSICw
 MIXING           2  0:POTENTIAL,1:DENMAT,2:HAMILT
USING O(N)/PARALLEL HAMILTONIAN ROUTINE
 NMSH:       21140  IN NUMHAM
TIME IN OVERNUM:      0.0700
TIME FOR POTENTIAL MATRIX ELEMENTS:                 0.070
BROYDEN MIXING OF HAMILTONIAN
 hammix writing           3
CONSTRUCTING NEW WAVEFUNCTIONS
SPIN 1:
 CALLING DIAGV
 DFA-SIC MATRIX:
 diagv hamiltonian error:   13.706475651893308        13.090579217126853     
 NFRM,NDH           5          35
TIME FOR DIAGGE        0.000
 TRACER:ITER=           3
TIME FOR DIAGV DIAGONALIZATION        0.000
 NEW ORBITALS:
 "Diagonalized Matrix:"
 BACKROTATION: O(N^3)          35
 IS IT OK?           0
 OPTIMIZED MOMENT  MODE :
   36    1  -21.581667    1.000000    5.000000    1.000000
   36    2    0.414778    1.000000    5.000000    2.000000
   36    3    0.539983    1.000000    5.000000    3.000000
   36    4    0.539983    1.000000    5.000000    4.000000
   36    5    0.539983    1.000000    5.000000    5.000000
STATE    1, EV=      -21.581667, OCCUP=     2.000000
STATE    2, EV=        0.414778, OCCUP=     2.000000
STATE    3, EV=        0.539983, OCCUP=     2.000000
STATE    4, EV=        0.539983, OCCUP=     2.000000
STATE    5, EV=        0.539983, OCCUP=     2.000000
STATE    6, EV=        0.788027, OCCUP=     0.000000
STATE    7, EV=        1.328688, OCCUP=     0.000000
STATE    8, EV=        1.328688, OCCUP=     0.000000
STATE    9, EV=        1.328688, OCCUP=     0.000000
STATE   10, EV=        1.450861, OCCUP=     0.000000
STATE   11, EV=        1.450861, OCCUP=     0.000000
STATE   12, EV=        1.451027, OCCUP=     0.000000
STATE   13, EV=        1.451027, OCCUP=     0.000000
STATE   14, EV=        1.451027, OCCUP=     0.000000
STATE   15, EV=        1.655159, OCCUP=     0.000000
STATE   16, EV=        2.895373, OCCUP=     0.000000
STATE   17, EV=        2.895373, OCCUP=     0.000000
STATE   18, EV=        2.895373, OCCUP=     0.000000
STATE   19, EV=        3.233645, OCCUP=     0.000000
STATE   20, EV=        3.872039, OCCUP=     0.000000
STATE   21, EV=        3.872039, OCCUP=     0.000000
STATE   22, EV=        3.872039, OCCUP=     0.000000
STATE   23, EV=        3.872175, OCCUP=     0.000000
STATE   24, EV=        3.872175, OCCUP=     0.000000
STATE   25, EV=        6.307834, OCCUP=     0.000000
STATE   26, EV=        6.967734, OCCUP=     0.000000
STATE   27, EV=        6.967734, OCCUP=     0.000000
STATE   28, EV=        6.967734, OCCUP=     0.000000
STATE   29, EV=        8.777252, OCCUP=     0.000000
STATE   30, EV=        8.777252, OCCUP=     0.000000
STATE   31, EV=        8.777252, OCCUP=     0.000000
STATE   32, EV=        8.777275, OCCUP=     0.000000
STATE   33, EV=        8.777275, OCCUP=     0.000000
STATE   34, EV=       14.216947, OCCUP=     0.000000
STATE   35, EV=       63.528811, OCCUP=     0.000000
 ELECTRON :   5.0000000000000000        5.0000000000000000     
 ELECTRONS OF SPIN UP :    5.0000000000000000     
 ELECTRONS OF SPIN DN :    5.0000000000000000     
TIME FOR CONSTRUCTION OF NEW WAVEFUNCTIONS:         0.030
TRACE OF HAMILTONIAN:         -39.093880
  CALLING FRMORB2(0,0)
 TIME in 1000 LOOP:   0.0000000000000000     
 CALLING DIAGGE:        1350           5
  LOWDEN OVERLAP EIGENVALUES:
    0.707452       0.707452       0.707452       0.991021        1.88662    
 Alan after LOWSIC
 FILO
  -1.7100294078806607E-013 -0.15133278792071703       0.10884570447759460       0.71563119418394350      -0.67314411074285063     
  -7.6491306364870029E-013  0.74538905064239169      -0.63489008430924387        7.7424427690985384E-002 -0.18792339403320504     
  -1.5019080025187648E-012 -0.41411779783418895      -0.57884988854667774       0.48153655302813930       0.51143113333491863     
